100	1481	13.2	0	0	0	0	0	0	0	0	0	0	0	0	0	0
150	1419	13.1	0	0	0	0	0	0	0	0	0	0	0	0	0	0
200	1353	12.9	0	0	0	0	0	0	0	0	0	0	0	0	0	0
250	1283	12.7	1477	20.8	0	0	0	0	0	0	0	0	0	0	0	0
300	1206	12.3	1452	20.7	1495	24.8	0	0	0	0	0	0	0	0	0	0
350	1113	11.8	1427	20.6	1477	24.8	0	0	0	0	0	0	0	0	0	0
400	800	9.4	1400	20.5	1459	24.7	0	0	0	0	0	0	0	0	0	0
450	0	0	1373	20.4	1441	24.6	0	0	0	0	0	0	0	0	0	0
500	0	0	1345	20.3	1423	24.6	1494	32.3	0	0	0	0	0	0	0	0
550	0	0	1317	20.1	1404	24.5	1483	32.2	0	0	0	0	0	0	0	0
600	0	0	1288	19.9	1384	24.4	1472	32.2	0	0	0	0	0	0	0	0
650	0	0	1257	19.8	1365	24.3	1461	32.1	1495	37.5	0	0	0	0	0	0
700	0	0	1225	19.5	1345	24.2	1450	32.1	1487	37.5	0	0	0	0	0	0
750	0	0	1191	19.3	1325	24	1439	32	1478	37.5	0	0	0	0	0	0
800	0	0	1153	19	1304	23.9	1428	32	1470	37.4	1496	42.4	0	0	0	0
850	0	0	1113	18.6	1283	23.7	1416	31.9	1461	37.4	1490	42.4	0	0	0	0
900	0	0	1067	18.1	1261	23.6	1405	31.9	1453	37.3	1483	42.3	0	0	0	0
950	0	0	1014	17.6	1238	23.4	1393	31.8	1445	37.3	1477	42.3	0	0	0	0
1000	0	0	800	14.8	1214	23.2	1382	31.7	1436	37.2	1470	42.3	0	0	0	0
1050	0	0	0	0	1189	22.9	1370	31.6	1427	37.2	1463	42.2	0	0	1496	49.3
1100	0	0	0	0	1163	22.7	1358	31.5	1419	37.1	1457	42.2	0	0	1491	49.2
1150	0	0	0	0	1134	22.4	1346	31.5	1410	37.1	1450	42.1	0	0	1486	49.2
1200	0	0	0	0	1105	22.1	1334	31.4	1401	37	1443	42.1	0	0	1480	49.2
1250	0	0	0	0	1072	21.7	1321	31.2	1392	36.9	1436	42	0	0	1475	49.2
1300	0	0	0	0	1034	21.2	1308	31.1	1383	36.9	1429	42	0	0	1470	49.1
1350	0	0	0	0	992	20.7	1295	31	1374	36.8	1422	42	0	0	1465	49.1
1400	0	0	0	0	938	19.9	1282	30.9	1365	36.7	1415	41.9	0	0	1460	49.1
1450	0	0	0	0	800	17.7	1269	30.8	1355	36.7	1408	41.8	0	0	1455	49
1500	0	0	0	0	0	0	1255	30.6	1346	36.6	1401	41.8	0	0	1449	49
1550	0	0	0	0	0	0	1241	30.5	1337	36.5	1394	41.7	0	0	1444	49
1600	0	0	0	0	0	0	1227	30.3	1327	36.4	1387	41.7	0	0	1439	48.9
1650	0	0	0	0	0	0	1212	30.1	1318	36.3	1379	41.6	0	0	1434	48.9
1700	0	0	0	0	0	0	1196	30	1308	36.2	1372	41.5	0	0	1428	48.8
1750	0	0	0	0	0	0	1180	29.8	1298	36.1	1365	41.5	0	0	1423	48.8
1800	0	0	0	0	0	0	1165	29.6	1288	36	1357	41.4	1395	45.4	1418	48.7
1850	0	0	0	0	0	0	1148	29.3	1277	35.9	1350	41.3	1389	45.4	1412	48.7
1900	0	0	0	0	0	0	1130	29.1	1267	35.7	1342	41.3	1383	45.3	1407	48.6
1950	0	0	0	0	0	0	1112	28.8	1256	35.6	1335	41.2	1377	45.3	1401	48.6
2000	0	0	0	0	0	0	1092	28.6	1245	35.5	1327	41.1	1370	45.2	1396	48.5
2050	0	0	0	0	0	0	1072	28.2	1234	35.3	1319	41	1364	45.1	1390	48.5
2100	0	0	0	0	0	0	1050	27.9	1223	35.2	1311	40.9	1358	45.1	1385	48.4
2150	0	0	0	0	0	0	1027	27.5	1212	35.1	1304	40.8	1351	45	1379	48.4
2200	0	0	0	0	0	0	1001	27.1	1200	34.9	1295	40.7	1345	44.9	1373	48.3
2250	0	0	0	0	0	0	972	26.6	1188	34.7	1287	40.6	1338	44.9	1368	48.3
2300	0	0	0	0	0	0	938	25.9	1176	34.5	1279	40.5	1332	44.8	1362	48.2
2350	0	0	0	0	0	0	895	25.1	1163	34.4	1271	40.4	1325	44.7	1356	48.1
2400	0	0	0	0	0	0	800	23.1	1150	34.2	1262	40.3	1318	44.6	1350	48.1
2450	0	0	0	0	0	0	0	0	1137	34	1254	40.2	1312	44.5	1345	48
2500	0	0	0	0	0	0	0	0	1123	33.7	1245	40.1	1305	44.4	1339	47.9
2550	0	0	0	0	0	0	0	0	1109	33.5	1236	39.9	1298	44.4	1333	47.8
2600	0	0	0	0	0	0	0	0	1094	33.2	1227	39.8	1291	44.3	1327	47.8
2650	0	0	0	0	0	0	0	0	1078	33	1218	39.7	1284	44.2	1321	47.7
2700	0	0	0	0	0	0	0	0	1062	32.7	1209	39.5	1277	44.1	1315	47.6
2750	0	0	0	0	0	0	0	0	1045	32.4	1199	39.4	1270	44	1309	47.5
2800	0	0	0	0	0	0	0	0	1026	32	1189	39.2	1262	43.9	1302	47.4
2850	0	0	0	0	0	0	0	0	1006	31.6	1180	39.1	1255	43.8	1296	47.4
2900	0	0	0	0	0	0	0	0	985	31.2	1170	38.9	1247	43.6	1290	47.3
2950	0	0	0	0	0	0	0	0	962	30.7	1159	38.7	1240	43.5	1284	47.2
3000	0	0	0	0	0	0	0	0	936	30.2	1149	38.6	1232	43.4	1277	47.1
3050	0	0	0	0	0	0	0	0	903	29.5	1138	38.4	1224	43.3	1271	47
3100	0	0	0	0	0	0	0	0	800	27	1127	38.2	1216	43.2	1264	46.9
3150	0	0	0	0	0	0	0	0	0	0	1116	38	1209	43	1257	46.8
3200	0	0	0	0	0	0	0	0	0	0	1104	37.7	1200	42.9	1251	46.7
3250	0	0	0	0	0	0	0	0	0	0	1091	37.5	1192	42.8	1244	46.6
3300	0	0	0	0	0	0	0	0	0	0	1079	37.3	1184	42.6	1237	46.5
3350	0	0	0	0	0	0	0	0	0	0	1066	37	1175	42.5	1230	46.3
3400	0	0	0	0	0	0	0	0	0	0	1052	36.7	1166	42.3	1223	46.2
3450	0	0	0	0	0	0	0	0	0	0	1038	36.4	1157	42.1	1216	46.1
3500	0	0	0	0	0	0	0	0	0	0	1023	36.1	1148	42	1209	46
3550	0	0	0	0	0	0	0	0	0	0	1008	35.8	1139	41.8	1201	45.8
3600	0	0	0	0	0	0	0	0	0	0	991	35.4	1130	41.6	1194	45.7
3650	0	0	0	0	0	0	0	0	0	0	973	35	1120	41.4	1186	45.6
3700	0	0	0	0	0	0	0	0	0	0	953	34.5	1110	41.2	1179	45.4
3750	0	0	0	0	0	0	0	0	0	0	931	34	1100	41	1171	45.3
3800	0	0	0	0	0	0	0	0	0	0	906	33.4	1089	40.8	1163	45.1
3850	0	0	0	0	0	0	0	0	0	0	877	32.6	1078	40.5	1155	45
3900	0	0	0	0	0	0	0	0	0	0	800	30.5	1067	40.3	1146	44.8
3950	0	0	0	0	0	0	0	0	0	0	0	0	1055	40.1	1138	44.6
4000	0	0	0	0	0	0	0	0	0	0	0	0	1043	39.8	1130	44.4
4050	0	0	0	0	0	0	0	0	0	0	0	0	1031	39.5	1121	44.3
4100	0	0	0	0	0	0	0	0	0	0	0	0	1018	39.2	1112	44.1
4150	0	0	0	0	0	0	0	0	0	0	0	0	1004	38.9	1103	43.9
4200	0	0	0	0	0	0	0	0	0	0	0	0	989	38.5	1093	43.7
4250	0	0	0	0	0	0	0	0	0	0	0	0	973	38.1	1084	43.4
4300	0	0	0	0	0	0	0	0	0	0	0	0	957	37.7	1073	43.2
4350	0	0	0	0	0	0	0	0	0	0	0	0	939	37.2	1063	43
4400	0	0	0	0	0	0	0	0	0	0	0	0	919	36.7	1053	42.7
4450	0	0	0	0	0	0	0	0	0	0	0	0	896	36.1	1042	42.5
4500	0	0	0	0	0	0	0	0	0	0	0	0	869	35.3	1030	42.2
4550	0	0	0	0	0	0	0	0	0	0	0	0	800	33.3	1019	41.9
4600	0	0	0	0	0	0	0	0	0	0	0	0	0	0	1006	41.6
4650	0	0	0	0	0	0	0	0	0	0	0	0	0	0	993	41.2
4700	0	0	0	0	0	0	0	0	0	0	0	0	0	0	980	40.9
4750	0	0	0	0	0	0	0	0	0	0	0	0	0	0	965	40.5
4800	0	0	0	0	0	0	0	0	0	0	0	0	0	0	950	40.1
4850	0	0	0	0	0	0	0	0	0	0	0	0	0	0	933	39.6
4900	0	0	0	0	0	0	0	0	0	0	0	0	0	0	914	39.1
4950	0	0	0	0	0	0	0	0	0	0	0	0	0	0	894	38.5
5000	0	0	0	0	0	0	0	0	0	0	0	0	0	0	870	37.8
5094	0	0	0	0	0	0	0	0	0	0	0	0	0	0	800	35.6
