200	777	20.6	0	0	0	0	0	0	0	0
210	772	20.6	0	0	0	0	0	0	0	0
220	767	20.6	0	0	0	0	0	0	0	0
230	762	20.6	0	0	0	0	0	0	0	0
240	757	20.6	0	0	0	0	0	0	0	0
250	752	20.6	0	0	0	0	0	0	0	0
260	747	20.6	0	0	0	0	0	0	0	0
270	742	20.6	0	0	0	0	0	0	0	0
280	737	20.6	0	0	0	0	0	0	0	0
290	732	20.6	0	0	0	0	0	0	0	0
300	727	20.5	0	0	0	0	0	0	0	0
310	722	20.5	0	0	0	0	0	0	0	0
320	717	20.5	0	0	0	0	0	0	0	0
330	712	20.5	0	0	0	0	0	0	0	0
340	707	20.5	0	0	0	0	0	0	0	0
350	702	20.5	0	0	0	0	0	0	0	0
360	697	20.5	0	0	0	0	0	0	0	0
370	692	20.5	0	0	0	0	0	0	0	0
380	687	20.5	0	0	0	0	0	0	0	0
390	682	20.5	0	0	0	0	0	0	0	0
400	676	20.4	0	0	0	0	0	0	0	0
410	671	20.4	0	0	0	0	0	0	0	0
420	665	20.4	0	0	0	0	0	0	0	0
430	660	20.4	0	0	0	0	0	0	0	0
440	654	20.4	0	0	0	0	0	0	0	0
450	649	20.3	0	0	0	0	0	0	0	0
460	643	20.3	0	0	0	0	0	0	0	0
470	638	20.3	0	0	0	0	0	0	0	0
480	632	20.3	0	0	0	0	0	0	0	0
490	627	20.3	0	0	0	0	0	0	0	0
500	622	20.2	0	0	0	0	0	0	0	0
510	615	20.2	0	0	0	0	0	0	0	0
520	609	20.2	0	0	0	0	0	0	0	0
530	603	20.2	0	0	0	0	0	0	0	0
540	597	20.2	0	0	0	0	0	0	0	0
550	591	20.1	0	0	0	0	0	0	0	0
560	586	20.1	0	0	0	0	0	0	0	0
570	581	20.1	0	0	0	0	0	0	0	0
580	575	20.1	0	0	0	0	0	0	0	0
590	570	20.1	0	0	0	0	0	0	0	0
600	564	19.9	773	35.7	0	0	0	0	0	0
610	558	19.9	771	35.7	0	0	0	0	0	0
620	551	19.9	770	35.7	0	0	0	0	0	0
630	545	19.9	768	35.7	0	0	0	0	0	0
640	538	19.9	767	35.7	0	0	0	0	0	0
650	532	19.7	765	35.7	0	0	0	0	0	0
660	525	19.7	763	35.7	0	0	0	0	0	0
670	518	19.7	761	35.7	0	0	0	0	0	0
680	512	19.7	759	35.7	0	0	0	0	0	0
690	506	19.7	757	35.7	0	0	0	0	0	0
700	501	19.5	756	35.6	0	0	0	0	0	0
710	494	19.5	755	35.6	0	0	0	0	0	0
720	487	19.5	753	35.6	0	0	0	0	0	0
730	480	19.5	751	35.6	0	0	0	0	0	0
740	473	19.5	749	35.6	0	0	0	0	0	0
750	466	19.3	748	35.6	0	0	0	0	0	0
760	459	19.3	746	35.6	0	0	0	0	0	0
770	452	19.3	744	35.6	0	0	0	0	0	0
780	445	19.3	742	35.6	0	0	0	0	0	0
790	438	19.3	740	35.6	0	0	0	0	0	0
800	431	19.0	739	35.5	0	0	0	0	0	0
810	422	19.0	738	35.5	0	0	0	0	0	0
820	413	19.0	736	35.5	0	0	0	0	0	0
830	404	19.0	734	35.5	0	0	0	0	0	0
840	395	19.0	732	35.5	0	0	0	0	0	0
850	388	18.7	731	35.5	0	0	0	0	0	0
860	380	18.7	729	35.5	0	0	0	0	0	0
870	371	18.7	727	35.5	0	0	0	0	0	0
880	362	18.7	725	35.5	0	0	0	0	0	0
890	353	18.7	723	35.5	0	0	0	0	0	0
900	344	17.9	722	35.4	0	0	0	0	0	0
910	331	17.9	720	35.4	0	0	0	0	0	0
920	318	17.8	718	35.4	0	0	0	0	0	0
930	305	17.7	716	35.4	0	0	0	0	0	0
940	292	17.6	714	35.4	0	0	0	0	0	0
950	279	17.5	712	35.4	0	0	0	0	0	0
960	266	17.3	710	35.4	0	0	0	0	0	0
970	253	17.1	708	35.4	0	0	0	0	0	0
980	240	16.9	706	35.4	0	0	0	0	0	0
990	227	16.7	704	35.4	0	0	0	0	0	0
1000	215	16.4	703	35.3	776	47.1	0	0	0	0
1010	0	0	702	35.3	775	47.1	0	0	0	0
1020	0	0	700	35.3	774	47.1	0	0	0	0
1030	0	0	698	35.3	773	47.1	0	0	0	0
1040	0	0	696	35.3	772	47.1	0	0	0	0
1050	0	0	694	35.3	771	47.1	0	0	0	0
1060	0	0	692	35.3	770	47.1	0	0	0	0
1070	0	0	690	35.3	769	47.1	0	0	0	0
1080	0	0	688	35.3	768	47.1	0	0	0	0
1090	0	0	687	35.3	767	47.1	0	0	0	0
1100	0	0	686	35.2	766	47.1	0	0	0	0
1110	0	0	684	35.2	765	47.1	0	0	0	0
1120	0	0	682	35.2	764	47.1	0	0	0	0
1130	0	0	680	35.2	763	47.1	0	0	0	0
1140	0	0	678	35.2	762	47.1	0	0	0	0
1150	0	0	676	35.2	761	47.1	0	0	0	0
1160	0	0	674	35.2	760	47.1	0	0	0	0
1170	0	0	672	35.2	759	47.1	0	0	0	0
1180	0	0	670	35.2	758	47.1	0	0	0	0
1190	0	0	669	35.2	757	47.1	0	0	0	0
1200	0	0	668	35.1	756	47.0	0	0	0	0
1210	0	0	666	35.1	755	47.0	0	0	0	0
1220	0	0	664	35.1	754	47.0	0	0	0	0
1230	0	0	662	35.1	753	47.0	0	0	0	0
1240	0	0	660	35.1	752	47.0	0	0	0	0
1250	0	0	658	35.0	750	47.0	0	0	0	0
1260	0	0	656	35.0	749	47.0	0	0	0	0
1270	0	0	654	35.0	748	47.0	0	0	0	0
1280	0	0	652	35.0	747	47.0	0	0	0	0
1290	0	0	650	35.0	746	47.0	0	0	0	0
1300	0	0	649	34.9	745	47.0	781	55.5	0	0
1310	0	0	647	34.9	744	47.0	780	55.5	0	0
1320	0	0	645	34.9	743	47.0	780	55.5	0	0
1330	0	0	643	34.9	742	47.0	779	55.5	0	0
1340	0	0	641	34.9	741	47.0	778	55.5	0	0
1350	0	0	639	34.9	740	47.0	777	55.5	0	0
1360	0	0	637	34.9	739	47.0	776	55.5	0	0
1370	0	0	635	34.9	738	47.0	775	55.5	0	0
1380	0	0	633	34.9	737	47.0	774	55.5	0	0
1390	0	0	631	34.9	736	47.0	773	55.5	0	0
1400	0	0	629	34.8	735	46.9	773	55.4	0	0
1410	0	0	627	34.8	734	46.9	772	55.4	0	0
1420	0	0	625	34.8	733	46.9	771	55.4	0	0
1430	0	0	623	34.8	732	46.9	770	55.4	0	0
1440	0	0	621	34.8	731	46.9	769	55.4	0	0
1450	0	0	619	34.7	729	46.9	769	55.4	0	0
1460	0	0	617	34.7	728	46.9	768	55.4	0	0
1470	0	0	615	34.7	727	46.9	768	55.4	0	0
1480	0	0	613	34.7	726	46.9	767	55.4	0	0
1490	0	0	611	34.7	725	46.9	766	55.4	0	0
1500	0	0	610	34.6	724	46.8	766	55.4	784	61.1
1510	0	0	608	34.6	724	46.8	765	55.4	784	61.1
1520	0	0	606	34.6	723	46.8	764	55.4	783	61.1
1530	0	0	604	34.6	722	46.8	763	55.4	783	61.1
1540	0	0	602	34.6	721	46.8	762	55.4	782	61.1
1550	0	0	600	34.5	720	46.8	762	55.4	782	61.1
1560	0	0	598	34.5	719	46.8	761	55.4	781	61.1
1570	0	0	596	34.5	718	46.8	760	55.4	781	61.1
1580	0	0	594	34.5	717	46.8	759	55.4	780	61.1
1590	0	0	592	34.5	716	46.8	758	55.4	780	61.1
1600	0	0	590	34.4	715	46.8	758	55.4	779	61.1
1610	0	0	588	34.4	714	46.8	758	55.4	779	61.1
1620	0	0	586	34.4	713	46.8	757	55.4	778	61.1
1630	0	0	584	34.4	712	46.8	756	55.4	778	61.1
1640	0	0	582	34.4	711	46.8	755	55.4	777	61.1
1650	0	0	580	34.3	709	46.8	754	55.4	776	61.1
1660	0	0	578	34.3	708	46.8	753	55.4	776	61.1
1670	0	0	576	34.3	707	46.8	752	55.4	775	61.1
1680	0	0	574	34.3	706	46.8	752	55.4	775	61.1
1690	0	0	572	34.3	705	46.8	751	55.4	774	61.1
1700	0	0	569	34.2	704	46.7	750	55.3	773	61.0
1710	0	0	567	34.2	703	46.7	749	55.3	773	61.0
1720	0	0	565	34.2	702	46.7	749	55.3	772	61.0
1730	0	0	563	34.2	701	46.7	748	55.3	772	61.0
1740	0	0	561	34.2	700	46.7	747	55.3	771	61.0
1750	0	0	559	34.1	698	46.7	747	55.3	770	61.0
1760	0	0	557	34.1	697	46.7	746	55.3	769	61.0
1770	0	0	555	34.1	696	46.7	745	55.3	768	61.0
1780	0	0	553	34.1	695	46.7	745	55.3	767	61.0
1790	0	0	551	34.1	694	46.7	744	55.3	766	61.0
1800	0	0	549	34.0	693	46.6	743	55.2	766	61.0
1810	0	0	546	34.0	692	46.6	742	55.2	765	61.0
1820	0	0	544	34.0	691	46.6	742	55.2	765	61.0
1830	0	0	542	33.9	690	46.6	741	55.2	764	61.0
1840	0	0	540	33.9	689	46.6	740	55.2	764	61.0
1850	0	0	538	33.9	687	46.6	739	55.2	763	61.0
1860	0	0	535	33.9	686	46.6	739	55.2	763	61.0
1870	0	0	533	33.8	685	46.6	738	55.2	762	61.0
1880	0	0	531	33.8	684	46.6	737	55.2	762	61.0
1890	0	0	529	33.8	683	46.6	736	55.2	761	61.0
1900	0	0	527	33.7	682	46.5	735	55.2	760	60.9
1910	0	0	525	33.7	681	46.5	734	55.2	760	60.9
1920	0	0	523	33.7	680	46.5	733	55.2	759	60.9
1930	0	0	520	33.6	679	46.5	732	55.2	759	60.9
1940	0	0	518	33.6	678	46.5	731	55.2	758	60.9
1950	0	0	515	33.6	676	46.5	731	55.2	757	60.9
1960	0	0	513	33.5	675	46.5	730	55.2	757	60.9
1970	0	0	510	33.5	674	46.5	729	55.2	756	60.9
1980	0	0	508	33.5	673	46.5	728	55.2	755	60.9
1990	0	0	506	33.5	672	46.5	727	55.2	754	60.9
2000	0	0	504	33.4	671	46.4	727	55.1	754	60.9
2010	0	0	502	33.4	670	46.4	726	55.1	753	60.9
2020	0	0	500	33.4	669	46.4	726	55.1	752	60.9
2030	0	0	497	33.4	668	46.4	725	55.1	752	60.9
2040	0	0	494	33.3	667	46.4	724	55.1	751	60.9
2050	0	0	492	33.3	665	46.4	723	55.1	750	60.9
2060	0	0	490	33.3	664	46.4	722	55.1	749	60.9
2070	0	0	487	33.2	663	46.4	721	55.1	749	60.9
2080	0	0	485	33.2	662	46.4	720	55.1	748	60.9
2090	0	0	483	33.2	661	46.4	720	55.1	748	60.9
2100	0	0	481	33.1	660	46.3	719	55.1	747	60.9
2110	0	0	479	33.1	659	46.3	718	55.1	747	60.9
2120	0	0	477	33.1	658	46.3	717	55.1	746	60.9
2130	0	0	474	33.0	657	46.3	717	55.1	745	60.9
2140	0	0	471	33.0	656	46.3	716	55.1	745	60.9
2150	0	0	468	33.0	655	46.3	716	55.1	744	60.9
2160	0	0	466	33.0	654	46.3	715	55.1	744	60.9
2170	0	0	463	32.9	653	46.3	714	55.1	743	60.9
2180	0	0	461	32.9	652	46.3	713	55.1	742	60.9
2190	0	0	458	32.9	651	46.3	712	55.1	742	60.9
2200	0	0	456	32.8	650	46.2	712	55.0	741	60.8
2210	0	0	453	32.8	649	46.2	711	55.0	741	60.8
2220	0	0	450	32.8	648	46.2	710	55.0	740	60.8
2230	0	0	448	32.7	647	46.2	710	55.0	740	60.8
2240	0	0	445	32.7	646	46.2	709	55.0	739	60.8
2250	0	0	442	32.7	645	46.1	708	55.0	739	60.8
2260	0	0	440	32.6	643	46.1	707	55.0	738	60.8
2270	0	0	437	32.6	642	46.1	706	55.0	737	60.8
2280	0	0	435	32.5	641	46.1	705	55.0	736	60.8
2290	0	0	432	32.5	640	46.1	705	55.0	736	60.8
2300	0	0	430	32.4	638	46.0	704	54.9	735	60.7
2310	0	0	428	32.4	637	46.0	703	54.9	735	60.7
2320	0	0	425	32.4	636	46.0	702	54.9	734	60.7
2330	0	0	422	32.3	635	46.0	702	54.9	733	60.7
2340	0	0	419	32.3	634	46.0	701	54.9	732	60.7
2350	0	0	416	32.2	632	46.0	700	54.9	731	60.7
2360	0	0	413	32.2	631	46.0	699	54.9	731	60.7
2370	0	0	410	32.2	630	46.0	698	54.9	730	60.7
2380	0	0	407	32.1	629	46.0	697	54.9	729	60.7
2390	0	0	404	32.1	628	46.0	697	54.9	729	60.7
2400	0	0	401	32.0	627	45.9	696	54.8	728	60.7
2410	0	0	399	32.0	626	45.9	695	54.8	728	60.7
2420	0	0	396	31.9	624	45.9	694	54.8	727	60.7
2430	0	0	393	31.9	623	45.9	693	54.8	727	60.7
2440	0	0	390	31.8	622	45.9	692	54.8	726	60.7
2450	0	0	387	31.8	621	45.9	692	54.8	725	60.7
2460	0	0	384	31.7	620	45.9	691	54.8	724	60.7
2470	0	0	381	31.7	618	45.9	690	54.8	724	60.7
2480	0	0	378	31.6	617	45.9	689	54.8	723	60.7
2490	0	0	375	31.6	616	45.9	688	54.8	723	60.7
2500	0	0	372	31.5	615	45.8	688	54.8	722	60.6
2510	0	0	369	31.5	614	45.8	687	54.8	722	60.6
2520	0	0	365	31.4	612	45.8	687	54.8	721	60.6
2530	0	0	361	31.4	611	45.8	686	54.8	720	60.6
2540	0	0	357	31.3	610	45.8	685	54.8	720	60.6
2550	0	0	354	31.2	609	45.7	684	54.8	719	60.6
2560	0	0	351	31.1	608	45.7	683	54.8	719	60.6
2570	0	0	347	31.1	607	45.7	683	54.8	718	60.6
2580	0	0	344	31.0	606	45.7	682	54.8	718	60.6
2590	0	0	341	31.0	604	45.7	681	54.8	717	60.6
2600	0	0	338	30.9	603	45.6	680	54.7	716	60.6
2610	0	0	335	30.9	602	45.6	679	54.7	716	60.6
2620	0	0	332	30.8	601	45.6	678	54.7	715	60.6
2630	0	0	328	30.8	600	45.6	677	54.7	715	60.6
2640	0	0	324	30.7	598	45.6	676	54.7	714	60.6
2650	0	0	320	30.6	597	45.6	676	54.7	713	60.6
2660	0	0	316	30.5	596	45.6	675	54.7	713	60.6
2670	0	0	312	30.4	595	45.6	674	54.7	712	60.6
2680	0	0	308	30.3	594	45.6	673	54.7	712	60.6
2690	0	0	304	30.2	593	45.6	672	54.7	711	60.6
2700	0	0	300	30.2	592	45.5	672	54.6	710	60.5
2710	0	0	295	30.2	591	45.5	671	54.6	709	60.5
2720	0	0	290	30.1	589	45.5	671	54.6	708	60.5
2730	0	0	285	30.0	588	45.5	670	54.6	708	60.5
2740	0	0	280	29.9	587	45.5	669	54.6	707	60.5
2750	0	0	275	29.8	586	45.4	668	54.6	706	60.5
2760	0	0	270	29.7	585	45.4	667	54.6	705	60.5
2770	0	0	265	29.6	583	45.4	667	54.6	705	60.5
2780	0	0	261	29.5	582	45.4	666	54.6	704	60.5
2790	0	0	258	29.4	581	45.4	665	54.6	704	60.5
2800	0	0	255	29.3	580	45.3	664	54.5	703	60.4
2810	0	0	249	29.1	579	45.3	664	54.5	703	60.4
2820	0	0	243	29.0	577	45.3	663	54.5	702	60.4
2830	0	0	237	28.8	576	45.3	662	54.5	701	60.4
2840	0	0	231	28.7	575	45.3	661	54.5	701	60.4
2850	0	0	225	28.6	574	45.3	660	54.5	700	60.4
2860	0	0	219	28.5	573	45.3	659	54.5	699	60.4
2870	0	0	213	28.4	571	45.3	658	54.5	698	60.4
2880	0	0	207	28.3	570	45.3	658	54.5	697	60.4
2890	0	0	201	28.2	568	45.3	657	54.5	697	60.4
2900	0	0	196	28.1	567	45.2	656	54.4	696	60.4
2910	0	0	0	0	566	45.2	656	54.4	696	60.4
2920	0	0	0	0	564	45.2	655	54.4	695	60.4
2930	0	0	0	0	563	45.2	654	54.4	695	60.4
2940	0	0	0	0	562	45.2	653	54.4	694	60.4
2950	0	0	0	0	561	45.1	652	54.4	693	60.4
2960	0	0	0	0	560	45.1	651	54.4	693	60.4
2970	0	0	0	0	559	45.1	650	54.4	692	60.4
2980	0	0	0	0	557	45.1	650	54.4	692	60.4
2990	0	0	0	0	555	45.1	649	54.4	691	60.4
3000	0	0	0	0	554	45.0	648	54.3	690	60.3
3010	0	0	0	0	553	45.0	647	54.3	690	60.3
3020	0	0	0	0	551	45.0	646	54.3	689	60.3
3030	0	0	0	0	550	45.0	646	54.3	689	60.3
3040	0	0	0	0	549	45.0	645	54.3	688	60.3
3050	0	0	0	0	548	44.9	644	54.3	687	60.3
3060	0	0	0	0	547	44.9	643	54.3	687	60.3
3070	0	0	0	0	545	44.9	643	54.3	686	60.3
3080	0	0	0	0	543	44.9	642	54.3	685	60.3
3090	0	0	0	0	542	44.9	641	54.3	684	60.3
3100	0	0	0	0	541	44.8	640	54.2	683	60.2
3110	0	0	0	0	540	44.8	640	54.2	682	60.2
3120	0	0	0	0	539	44.8	639	54.2	682	60.2
3130	0	0	0	0	537	44.8	638	54.2	681	60.2
3140	0	0	0	0	536	44.8	637	54.2	681	60.2
3150	0	0	0	0	535	44.7	636	54.2	680	60.2
3160	0	0	0	0	534	44.7	635	54.2	679	60.2
3170	0	0	0	0	532	44.7	634	54.2	678	60.2
3180	0	0	0	0	531	44.7	633	54.2	677	60.2
3190	0	0	0	0	530	44.7	632	54.2	677	60.2
3200	0	0	0	0	529	44.6	631	54.1	676	60.1
3210	0	0	0	0	528	44.6	630	54.1	675	60.1
3220	0	0	0	0	526	44.6	629	54.1	674	60.1
3230	0	0	0	0	525	44.6	628	54.1	673	60.1
3240	0	0	0	0	524	44.6	628	54.1	672	60.1
3250	0	0	0	0	523	44.5	627	54.1	672	60.1
3260	0	0	0	0	522	44.5	626	54.1	671	60.1
3270	0	0	0	0	521	44.5	625	54.1	671	60.1
3280	0	0	0	0	519	44.5	624	54.1	670	60.1
3290	0	0	0	0	517	44.5	623	54.1	670	60.1
3300	0	0	0	0	516	44.4	623	54.0	669	60.1
3310	0	0	0	0	515	44.4	622	54.0	669	60.1
3320	0	0	0	0	513	44.4	621	54.0	668	60.1
3330	0	0	0	0	512	44.4	620	54.0	667	60.1
3340	0	0	0	0	510	44.3	619	54.0	666	60.1
3350	0	0	0	0	509	44.3	618	54.0	666	60.1
3360	0	0	0	0	508	44.3	617	54.0	665	60.1
3370	0	0	0	0	507	44.2	616	54.0	665	60.1
3380	0	0	0	0	505	44.2	616	54.0	664	60.1
3390	0	0	0	0	503	44.2	615	54.0	664	60.1
3400	0	0	0	0	502	44.1	614	53.9	663	60.0
3410	0	0	0	0	501	44.1	613	53.9	662	60.0
3420	0	0	0	0	500	44.1	613	53.9	662	60.0
3430	0	0	0	0	498	44.1	612	53.9	661	60.0
3440	0	0	0	0	496	44.1	611	53.9	661	60.0
3450	0	0	0	0	495	44.0	610	53.9	660	60.0
3460	0	0	0	0	494	44.0	609	53.9	659	60.0
3470	0	0	0	0	492	44.0	608	53.9	658	60.0
3480	0	0	0	0	490	44.0	607	53.9	657	60.0
3490	0	0	0	0	488	44.0	606	53.9	657	60.0
3500	0	0	0	0	487	43.9	605	53.7	656	59.9
3510	0	0	0	0	486	43.9	604	53.7	655	59.9
3520	0	0	0	0	485	43.9	603	53.7	655	59.9
3530	0	0	0	0	484	43.9	602	53.7	654	59.9
3540	0	0	0	0	482	43.8	601	53.7	654	59.9
3550	0	0	0	0	480	43.8	600	53.7	653	59.9
3560	0	0	0	0	479	43.8	599	53.7	653	59.9
3570	0	0	0	0	477	43.7	598	53.7	652	59.9
3580	0	0	0	0	475	43.7	597	53.7	651	59.9
3590	0	0	0	0	474	43.7	596	53.7	651	59.9
3600	0	0	0	0	473	43.6	596	53.6	650	59.8
3610	0	0	0	0	472	43.6	595	53.6	650	59.8
3620	0	0	0	0	470	43.6	594	53.6	649	59.8
3630	0	0	0	0	468	43.6	593	53.6	648	59.8
3640	0	0	0	0	467	43.6	593	53.6	647	59.8
3650	0	0	0	0	466	43.5	592	53.6	647	59.8
3660	0	0	0	0	465	43.5	592	53.6	646	59.8
3670	0	0	0	0	463	43.5	591	53.6	645	59.8
3680	0	0	0	0	461	43.5	590	53.6	644	59.8
3690	0	0	0	0	459	43.5	589	53.6	644	59.8
3700	0	0	0	0	458	43.4	588	53.5	643	59.7
3710	0	0	0	0	457	43.4	588	53.5	643	59.7
3720	0	0	0	0	455	43.4	587	53.5	642	59.7
3730	0	0	0	0	453	43.4	586	53.5	641	59.7
3740	0	0	0	0	452	43.3	585	53.5	640	59.7
3750	0	0	0	0	451	43.3	584	53.5	640	59.7
3760	0	0	0	0	450	43.3	583	53.5	639	59.7
3770	0	0	0	0	448	43.2	582	53.5	639	59.7
3780	0	0	0	0	446	43.2	581	53.5	638	59.7
3790	0	0	0	0	444	43.2	580	53.5	637	59.7
3800	0	0	0	0	443	43.1	579	53.3	636	59.6
3810	0	0	0	0	442	43.1	578	53.3	635	59.6
3820	0	0	0	0	440	43.1	578	53.3	634	59.6
3830	0	0	0	0	438	43.1	577	53.3	633	59.6
3840	0	0	0	0	436	43.0	576	53.3	633	59.6
3850	0	0	0	0	435	43.0	575	53.3	632	59.6
3860	0	0	0	0	434	43.0	574	53.3	632	59.6
3870	0	0	0	0	432	42.9	573	53.3	631	59.6
3880	0	0	0	0	430	42.9	572	53.3	631	59.6
3890	0	0	0	0	428	42.9	571	53.3	630	59.6
3900	0	0	0	0	427	42.8	570	53.2	629	59.5
3910	0	0	0	0	426	42.8	569	53.2	629	59.5
3920	0	0	0	0	424	42.8	568	53.2	628	59.5
3930	0	0	0	0	422	42.7	567	53.2	627	59.5
3940	0	0	0	0	420	42.7	566	53.2	626	59.5
3950	0	0	0	0	418	42.7	565	53.2	625	59.5
3960	0	0	0	0	416	42.6	564	53.2	624	59.5
3970	0	0	0	0	414	42.6	563	53.2	623	59.5
3980	0	0	0	0	412	42.5	562	53.2	622	59.5
3990	0	0	0	0	411	42.5	561	53.2	622	59.5
4000	0	0	0	0	410	42.4	560	53.0	621	59.4
4010	0	0	0	0	409	42.4	559	53.0	621	59.4
4020	0	0	0	0	407	42.4	559	53.0	620	59.4
4030	0	0	0	0	405	42.3	558	53.0	619	59.4
4040	0	0	0	0	403	42.3	557	53.0	618	59.4
4050	0	0	0	0	401	42.2	556	53.0	617	59.4
4060	0	0	0	0	399	42.2	555	53.0	616	59.4
4070	0	0	0	0	397	42.1	554	53.0	616	59.4
4080	0	0	0	0	395	42.1	553	53.0	615	59.4
4090	0	0	0	0	394	42.1	552	53.0	615	59.4
4100	0	0	0	0	393	42.0	551	52.8	614	59.3
4110	0	0	0	0	391	42.0	550	52.8	613	59.3
4120	0	0	0	0	389	42.0	549	52.8	613	59.3
4130	0	0	0	0	387	42.0	548	52.8	612	59.3
4140	0	0	0	0	385	41.9	547	52.8	611	59.3
4150	0	0	0	0	383	41.9	546	52.8	611	59.3
4160	0	0	0	0	381	41.9	545	52.8	610	59.3
4170	0	0	0	0	379	41.8	544	52.8	609	59.3
4180	0	0	0	0	377	41.8	543	52.8	609	59.3
4190	0	0	0	0	375	41.8	542	52.8	608	59.3
4200	0	0	0	0	374	41.7	541	52.7	607	59.1
4210	0	0	0	0	373	41.7	540	52.7	607	59.1
4220	0	0	0	0	371	41.7	539	52.7	606	59.1
4230	0	0	0	0	369	41.7	538	52.7	606	59.1
4240	0	0	0	0	367	41.5	537	52.7	604	59.1
4250	0	0	0	0	365	41.5	536	52.7	603	59.1
4260	0	0	0	0	363	41.5	535	52.7	602	59.1
4270	0	0	0	0	361	41.3	534	52.7	601	59.1
4280	0	0	0	0	359	41.3	533	52.7	600	59.1
4290	0	0	0	0	357	41.3	532	52.7	600	59.1
4300	0	0	0	0	355	41.2	531	52.5	599	59.0
4310	0	0	0	0	353	41.2	530	52.5	599	59.0
4320	0	0	0	0	351	41.2	529	52.5	598	59.0
4330	0	0	0	0	349	41.2	528	52.5	597	59.0
4340	0	0	0	0	347	41.0	528	52.5	596	59.0
4350	0	0	0	0	345	41.0	527	52.5	595	59.0
4360	0	0	0	0	343	41.0	526	52.5	595	59.0
4370	0	0	0	0	341	40.8	525	52.5	594	59.0
4380	0	0	0	0	339	40.8	524	52.5	593	59.0
4390	0	0	0	0	337	40.8	523	52.5	593	59.0
4400	0	0	0	0	335	40.7	522	52.3	592	58.9
4410	0	0	0	0	333	40.7	521	52.3	592	58.9
4420	0	0	0	0	331	40.6	520	52.3	591	58.9
4430	0	0	0	0	328	40.6	519	52.3	590	58.9
4440	0	0	0	0	326	40.5	518	52.3	589	58.9
4450	0	0	0	0	324	40.5	517	52.3	588	58.9
4460	0	0	0	0	322	40.4	516	52.3	587	58.9
4470	0	0	0	0	320	40.4	515	52.3	587	58.9
4480	0	0	0	0	317	40.3	514	52.3	586	58.9
4490	0	0	0	0	314	40.3	513	52.3	586	58.9
4500	0	0	0	0	312	40.2	512	52.1	585	58.8
4510	0	0	0	0	310	40.2	511	52.1	585	58.8
4520	0	0	0	0	308	40.2	510	52.1	584	58.8
4530	0	0	0	0	305	40.2	509	52.1	583	58.8
4540	0	0	0	0	303	40.0	508	52.1	582	58.8
4550	0	0	0	0	300	40.0	507	52.1	581	58.8
4560	0	0	0	0	297	40.0	506	52.1	580	58.8
4570	0	0	0	0	294	39.8	505	52.1	580	58.8
4580	0	0	0	0	291	39.8	504	52.1	579	58.8
4590	0	0	0	0	299	39.8	502	52.1	579	58.8
4600	0	0	0	0	287	39.6	501	51.9	578	58.6
4610	0	0	0	0	285	39.6	500	51.9	578	58.6
4620	0	0	0	0	282	39.6	499	51.9	577	58.6
4630	0	0	0	0	280	39.6	498	51.9	576	58.6
4640	0	0	0	0	277	39.4	497	51.9	575	58.6
4650	0	0	0	0	274	39.4	496	51.9	574	58.6
4660	0	0	0	0	271	39.4	495	51.9	573	58.6
4670	0	0	0	0	269	39.4	494	51.9	573	58.6
4680	0	0	0	0	266	39.2	493	51.9	572	58.6
4690	0	0	0	0	263	39.2	492	51.9	571	58.6
4700	0	0	0	0	261	38.9	491	51.7	570	58.5
4710	0	0	0	0	258	38.9	490	51.7	570	58.5
4720	0	0	0	0	255	38.9	489	51.7	569	58.5
4730	0	0	0	0	251	38.9	488	51.7	568	58.5
4740	0	0	0	0	248	38.7	487	51.7	567	58.5
4750	0	0	0	0	245	38.7	486	51.7	566	58.5
4760	0	0	0	0	242	38.7	485	51.7	565	58.5
4770	0	0	0	0	238	38.4	483	51.7	564	58.5
4780	0	0	0	0	235	38.4	482	51.7	564	58.5
4790	0	0	0	0	232	38.4	481	51.7	563	58.5
4800	0	0	0	0	229	38.1	480	51.5	562	58.4
4810	0	0	0	0	225	38.0	479	51.5	561	58.4
4820	0	0	0	0	221	37.8	478	51.5	560	58.4
4830	0	0	0	0	217	37.7	476	51.5	560	58.4
4840	0	0	0	0	213	37.6	475	51.5	559	58.4
4850	0	0	0	0	210	37.5	474	51.5	558	58.4
4860	0	0	0	0	206	37.4	473	51.5	558	58.4
4870	0	0	0	0	202	37.3	472	51.5	557	58.4
4880	0	0	0	0	198	37.2	471	51.5	556	58.4
4890	0	0	0	0	194	37.1	470	51.5	555	58.4
4900	0	0	0	0	191	37.0	469	51.3	554	58.2
4910	0	0	0	0	185	36.8	468	51.3	554	58.2
4920	0	0	0	0	179	36.6	467	51.3	553	58.2
4930	0	0	0	0	174	36.4	466	51.3	552	58.2
4940	0	0	0	0	168	36.2	464	51.2	551	58.2
4950	0	0	0	0	163	36.0	463	51.2	550	58.2
4960	0	0	0	0	157	35.8	462	51.2	549	58.2
4970	0	0	0	0	151	35.6	461	51.1	548	58.2
4980	0	0	0	0	145	35.5	460	51.1	548	58.2
4990	0	0	0	0	140	35.4	459	51.1	547	58.2
5000	0	0	0	0	135	35.3	458	51.0	546	58.1
5010	0	0	0	0	0	0	457	51.0	545	58.1
5020	0	0	0	0	0	0	456	51.0	545	58.1
5030	0	0	0	0	0	0	454	51.0	544	58.1
5040	0	0	0	0	0	0	453	51.0	543	58.1
5050	0	0	0	0	0	0	452	51.0	542	58.1
5060	0	0	0	0	0	0	451	51.0	542	58.1
5070	0	0	0	0	0	0	450	51.0	541	58.1
5080	0	0	0	0	0	0	449	51.0	540	58.1
5090	0	0	0	0	0	0	448	51.0	539	58.1
5100	0	0	0	0	0	0	447	50.8	538	57.9
5110	0	0	0	0	0	0	446	50.8	538	57.9
5120	0	0	0	0	0	0	445	50.8	537	57.9
5130	0	0	0	0	0	0	444	50.8	536	57.9
5140	0	0	0	0	0	0	442	50.8	535	57.9
5150	0	0	0	0	0	0	441	50.8	534	57.9
5160	0	0	0	0	0	0	440	50.8	533	57.9
5170	0	0	0	0	0	0	439	50.8	533	57.9
5180	0	0	0	0	0	0	438	50.8	532	57.9
5190	0	0	0	0	0	0	437	50.8	531	57.9
5200	0	0	0	0	0	0	435	50.5	530	57.7
5210	0	0	0	0	0	0	434	50.5	530	57.7
5220	0	0	0	0	0	0	432	50.5	529	57.7
5230	0	0	0	0	0	0	430	50.5	528	57.7
5240	0	0	0	0	0	0	429	50.5	527	57.7
5250	0	0	0	0	0	0	428	50.5	526	57.7
5260	0	0	0	0	0	0	427	50.5	526	57.7
5270	0	0	0	0	0	0	426	50.5	525	57.7
5280	0	0	0	0	0	0	424	50.5	524	57.7
5290	0	0	0	0	0	0	423	50.5	523	57.7
5300	0	0	0	0	0	0	422	50.2	522	57.6
5310	0	0	0	0	0	0	421	50.2	521	57.6
5320	0	0	0	0	0	0	420	50.2	520	57.6
5330	0	0	0	0	0	0	419	50.2	519	57.6
5340	0	0	0	0	0	0	417	50.2	519	57.6
5350	0	0	0	0	0	0	416	50.2	518	57.6
5360	0	0	0	0	0	0	415	50.2	517	57.6
5370	0	0	0	0	0	0	413	50.2	516	57.6
5380	0	0	0	0	0	0	412	50.2	515	57.6
5390	0	0	0	0	0	0	411	50.2	515	57.6
5400	0	0	0	0	0	0	410	49.9	514	57.4
5410	0	0	0	0	0	0	409	49.9	514	57.4
5420	0	0	0	0	0	0	408	49.9	513	57.4
5430	0	0	0	0	0	0	406	49.9	512	57.4
5440	0	0	0	0	0	0	404	49.9	511	57.4
5450	0	0	0	0	0	0	403	49.9	510	57.4
5460	0	0	0	0	0	0	402	49.9	509	57.4
5470	0	0	0	0	0	0	401	49.9	508	57.4
5480	0	0	0	0	0	0	399	49.9	507	57.4
5490	0	0	0	0	0	0	398	49.9	506	57.4
5500	0	0	0	0	0	0	397	49.6	505	57.2
5510	0	0	0	0	0	0	396	49.6	505	57.2
5520	0	0	0	0	0	0	394	49.6	504	57.2
5530	0	0	0	0	0	0	392	49.6	503	57.2
5540	0	0	0	0	0	0	391	49.6	502	57.2
5550	0	0	0	0	0	0	390	49.6	501	57.2
5560	0	0	0	0	0	0	389	49.4	500	57.2
5570	0	0	0	0	0	0	387	49.4	499	57.2
5580	0	0	0	0	0	0	386	49.4	498	57.2
5590	0	0	0	0	0	0	385	49.4	497	57.2
5600	0	0	0	0	0	0	384	49.2	496	57.0
5610	0	0	0	0	0	0	383	49.2	495	57.0
5620	0	0	0	0	0	0	381	49.2	494	57.0
5630	0	0	0	0	0	0	379	49.2	494	57.0
5640	0	0	0	0	0	0	378	49.2	493	57.0
5650	0	0	0	0	0	0	377	49.2	492	57.0
5660	0	0	0	0	0	0	376	49.2	491	57.0
5670	0	0	0	0	0	0	374	49.2	490	57.0
5680	0	0	0	0	0	0	372	49.2	490	57.0
5690	0	0	0	0	0	0	371	49.2	489	57.0
5700	0	0	0	0	0	0	370	48.9	488	56.8
5710	0	0	0	0	0	0	369	48.9	487	56.8
5720	0	0	0	0	0	0	367	48.9	486	56.8
5730	0	0	0	0	0	0	366	48.9	485	56.8
5740	0	0	0	0	0	0	364	48.9	484	56.8
5750	0	0	0	0	0	0	363	48.9	483	56.8
5760	0	0	0	0	0	0	362	48.7	482	56.8
5770	0	0	0	0	0	0	361	48.7	481	56.8
5780	0	0	0	0	0	0	359	48.7	480	56.8
5790	0	0	0	0	0	0	357	48.7	479	56.8
5800	0	0	0	0	0	0	355	48.5	478	56.6
5810	0	0	0	0	0	0	354	48.5	477	56.6
5820	0	0	0	0	0	0	353	48.5	476	56.6
5830	0	0	0	0	0	0	352	48.5	475	56.6
5840	0	0	0	0	0	0	350	48.5	474	56.6
5850	0	0	0	0	0	0	348	48.5	473	56.6
5860	0	0	0	0	0	0	347	48.5	472	56.6
5870	0	0	0	0	0	0	345	48.5	472	56.6
5880	0	0	0	0	0	0	343	48.5	471	56.6
5890	0	0	0	0	0	0	341	48.5	470	56.6
5900	0	0	0	0	0	0	340	48.1	469	56.4
5910	0	0	0	0	0	0	339	48.0	768	56.4
5920	0	0	0	0	0	0	337	48.0	467	56.4
5930	0	0	0	0	0	0	335	48.0	466	56.4
5940	0	0	0	0	0	0	334	48.0	465	56.4
5950	0	0	0	0	0	0	332	48.0	465	56.4
5960	0	0	0	0	0	0	330	48.0	464	56.4
5970	0	0	0	0	0	0	329	48.0	463	56.4
5980	0	0	0	0	0	0	327	48.0	463	56.4
5990	0	0	0	0	0	0	325	48.0	462	56.4
6000	0	0	0	0	0	0	324	47.6	461	56.1
6010	0	0	0	0	0	0	322	47.5	460	56.1
6020	0	0	0	0	0	0	320	47.5	459	56.1
6030	0	0	0	0	0	0	318	47.5	458	56.1
6040	0	0	0	0	0	0	316	47.5	457	56.1
6050	0	0	0	0	0	0	315	47.5	456	56.1
6060	0	0	0	0	0	0	313	47.5	455	56.1
6070	0	0	0	0	0	0	311	47.5	454	56.1
6080	0	0	0	0	0	0	310	47.5	453	56.1
6090	0	0	0	0	0	0	308	47.5	452	56.1
6100	0	0	0	0	0	0	306	47.1	451	55.9
6110	0	0	0	0	0	0	304	47.0	450	55.9
6120	0	0	0	0	0	0	302	47.0	449	55.9
6130	0	0	0	0	0	0	300	47.0	448	55.9
6140	0	0	0	0	0	0	298	47.0	447	55.9
6150	0	0	0	0	0	0	296	47.0	446	55.9
6160	0	0	0	0	0	0	294	47.0	445	55.9
6170	0	0	0	0	0	0	292	47.0	444	55.9
6180	0	0	0	0	0	0	290	47.0	443	55.9
6190	0	0	0	0	0	0	288	47.0	442	55.9
6200	0	0	0	0	0	0	287	46.6	441	55.7
6210	0	0	0	0	0	0	286	46.5	440	55.7
6220	0	0	0	0	0	0	284	46.5	439	55.7
6230	0	0	0	0	0	0	282	46.5	438	55.7
6240	0	0	0	0	0	0	280	46.5	437	55.7
6250	0	0	0	0	0	0	278	46.5	436	55.7
6260	0	0	0	0	0	0	276	46.5	435	55.7
6270	0	0	0	0	0	0	274	46.5	434	55.7
6280	0	0	0	0	0	0	272	46.5	433	55.7
6290	0	0	0	0	0	0	270	46.5	432	55.7
6300	0	0	0	0	0	0	268	46.0	431	55.4
6310	0	0	0	0	0	0	266	46.0	429	55.4
6320	0	0	0	0	0	0	264	46.0	428	55.4
6330	0	0	0	0	0	0	262	46.0	427	55.4
6340	0	0	0	0	0	0	260	46.0	426	55.4
6350	0	0	0	0	0	0	257	46.0	425	55.4
6360	0	0	0	0	0	0	255	46.0	424	55.4
6370	0	0	0	0	0	0	253	46.0	423	55.4
6380	0	0	0	0	0	0	251	46.0	422	55.4
6390	0	0	0	0	0	0	248	46.0	421	55.4
6400	0	0	0	0	0	0	246	45.3	420	55.1
6410	0	0	0	0	0	0	244	45.0	419	55.1
6420	0	0	0	0	0	0	241	45.0	418	55.1
6430	0	0	0	0	0	0	238	45.0	417	55.1
6440	0	0	0	0	0	0	235	45.0	416	55.1
6450	0	0	0	0	0	0	233	45.0	415	55.1
6460	0	0	0	0	0	0	230	45.0	414	55.1
6470	0	0	0	0	0	0	228	45.0	413	55.1
6480	0	0	0	0	0	0	225	45.0	412	55.1
6490	0	0	0	0	0	0	222	45.0	411	55.1
6500	0	0	0	0	0	0	220	44.5	410	54.8
6510	0	0	0	0	0	0	217	44.5	409	54.8
6520	0	0	0	0	0	0	214	44.5	408	54.8
6530	0	0	0	0	0	0	211	44.5	407	54.8
6540	0	0	0	0	0	0	208	44.5	406	54.8
6550	0	0	0	0	0	0	205	44.5	405	54.8
6560	0	0	0	0	0	0	202	44.5	404	54.8
6570	0	0	0	0	0	0	199	44.5	403	54.8
6580	0	0	0	0	0	0	196	44.5	402	54.8
6590	0	0	0	0	0	0	193	44.5	401	54.8
6600	0	0	0	0	0	0	191	44.5	400	54.5
6610	0	0	0	0	0	0	187	44.2	399	54.5
6620	0	0	0	0	0	0	183	44.0	398	54.5
6630	0	0	0	0	0	0	179	43.8	396	54.5
6640	0	0	0	0	0	0	175	43.6	395	54.5
6650	0	0	0	0	0	0	171	43.3	394	54.5
6660	0	0	0	0	0	0	167	43.0	392	54.5
6670	0	0	0	0	0	0	163	42.7	391	54.5
6680	0	0	0	0	0	0	159	42.5	390	54.5
6690	0	0	0	0	0	0	155	42.3	389	54.5
6700	0	0	0	0	0	0	151	42.1	388	54.2
6710	0	0	0	0	0	0	0	0	387	54.2
6720	0	0	0	0	0	0	0	0	386	54.2
6730	0	0	0	0	0	0	0	0	385	54.2
6740	0	0	0	0	0	0	0	0	384	54.2
6750	0	0	0	0	0	0	0	0	382	54.2
6760	0	0	0	0	0	0	0	0	380	54.2
6770	0	0	0	0	0	0	0	0	379	54.2
6780	0	0	0	0	0	0	0	0	378	54.2
6790	0	0	0	0	0	0	0	0	377	54.2
6800	0	0	0	0	0	0	0	0	376	53.9
6810	0	0	0	0	0	0	0	0	375	53.9
6820	0	0	0	0	0	0	0	0	374	53.9
6830	0	0	0	0	0	0	0	0	373	53.9
6840	0	0	0	0	0	0	0	0	372	53.9
6850	0	0	0	0	0	0	0	0	370	53.9
6860	0	0	0	0	0	0	0	0	368	53.9
6870	0	0	0	0	0	0	0	0	367	53.9
6880	0	0	0	0	0	0	0	0	366	53.9
6890	0	0	0	0	0	0	0	0	365	53.9
6900	0	0	0	0	0	0	0	0	364	53.6
6910	0	0	0	0	0	0	0	0	363	53.6
6920	0	0	0	0	0	0	0	0	362	53.6
6930	0	0	0	0	0	0	0	0	361	53.6
6940	0	0	0	0	0	0	0	0	360	53.6
6950	0	0	0	0	0	0	0	0	358	53.6
6960	0	0	0	0	0	0	0	0	356	53.6
6970	0	0	0	0	0	0	0	0	355	53.6
6980	0	0	0	0	0	0	0	0	353	53.6
6990	0	0	0	0	0	0	0	0	352	53.6
7000	0	0	0	0	0	0	0	0	351	53.2
7010	0	0	0	0	0	0	0	0	350	53.2
7020	0	0	0	0	0	0	0	0	349	53.2
7030	0	0	0	0	0	0	0	0	348	53.2
7040	0	0	0	0	0	0	0	0	347	53.2
7050	0	0	0	0	0	0	0	0	345	53.2
7060	0	0	0	0	0	0	0	0	343	53.2
7070	0	0	0	0	0	0	0	0	342	53.2
7080	0	0	0	0	0	0	0	0	341	53.2
7090	0	0	0	0	0	0	0	0	340	53.2
7100	0	0	0	0	0	0	0	0	339	52.8
7110	0	0	0	0	0	0	0	0	338	52.8
7120	0	0	0	0	0	0	0	0	336	52.8
7130	0	0	0	0	0	0	0	0	335	52.8
7140	0	0	0	0	0	0	0	0	334	52.8
7150	0	0	0	0	0	0	0	0	333	52.8
7160	0	0	0	0	0	0	0	0	332	52.8
7170	0	0	0	0	0	0	0	0	330	52.8
7180	0	0	0	0	0	0	0	0	328	52.8
7190	0	0	0	0	0	0	0	0	326	52.8
7200	0	0	0	0	0	0	0	0	325	52.4
7210	0	0	0	0	0	0	0	0	324	52.4
7220	0	0	0	0	0	0	0	0	322	52.4
7230	0	0	0	0	0	0	0	0	320	52.4
7240	0	0	0	0	0	0	0	0	318	52.4
7250	0	0	0	0	0	0	0	0	317	52.4
7260	0	0	0	0	0	0	0	0	315	52.4
7270	0	0	0	0	0	0	0	0	313	52.4
7280	0	0	0	0	0	0	0	0	312	52.4
7290	0	0	0	0	0	0	0	0	311	52.4
7300	0	0	0	0	0	0	0	0	310	51.9
7310	0	0	0	0	0	0	0	0	308	51.9
7320	0	0	0	0	0	0	0	0	306	51.9
7330	0	0	0	0	0	0	0	0	305	51.9
7340	0	0	0	0	0	0	0	0	304	51.9
7350	0	0	0	0	0	0	0	0	302	51.9
7360	0	0	0	0	0	0	0	0	301	51.9
7370	0	0	0	0	0	0	0	0	300	51.9
7380	0	0	0	0	0	0	0	0	298	51.9
7390	0	0	0	0	0	0	0	0	296	51.9
7400	0	0	0	0	0	0	0	0	295	51.4
7410	0	0	0	0	0	0	0	0	293	51.4
7420	0	0	0	0	0	0	0	0	291	51.4
7430	0	0	0	0	0	0	0	0	290	51.4
7440	0	0	0	0	0	0	0	0	288	51.4
7450	0	0	0	0	0	0	0	0	287	51.4
7460	0	0	0	0	0	0	0	0	285	51.4
7470	0	0	0	0	0	0	0	0	283	51.4
7480	0	0	0	0	0	0	0	0	281	51.4
7490	0	0	0	0	0	0	0	0	279	51.4
7500	0	0	0	0	0	0	0	0	278	50.8
7510	0	0	0	0	0	0	0	0	276	50.5
7520	0	0	0	0	0	0	0	0	274	50.5
7530	0	0	0	0	0	0	0	0	272	50.5
7540	0	0	0	0	0	0	0	0	270	50.5
7550	0	0	0	0	0	0	0	0	269	50.5
7560	0	0	0	0	0	0	0	0	267	50.5
7570	0	0	0	0	0	0	0	0	265	50.5
7580	0	0	0	0	0	0	0	0	264	50.5
7590	0	0	0	0	0	0	0	0	262	50.5
7600	0	0	0	0	0	0	0	0	261	50.2
7610	0	0	0	0	0	0	0	0	259	50.0
7620	0	0	0	0	0	0	0	0	257	50.0
7630	0	0	0	0	0	0	0	0	255	50.0
7640	0	0	0	0	0	0	0	0	253	50.0
7650	0	0	0	0	0	0	0	0	251	50.0
7660	0	0	0	0	0	0	0	0	249	50.0
7670	0	0	0	0	0	0	0	0	247	50.0
7680	0	0	0	0	0	0	0	0	245	50.0
7690	0	0	0	0	0	0	0	0	243	50.0
7700	0	0	0	0	0	0	0	0	241	49.6
7710	0	0	0	0	0	0	0	0	239	49.5
7720	0	0	0	0	0	0	0	0	237	49.5
7730	0	0	0	0	0	0	0	0	235	49.3
7740	0	0	0	0	0	0	0	0	232	49.3
7750	0	0	0	0	0	0	0	0	230	49.3
7760	0	0	0	0	0	0	0	0	228	49.1
7770	0	0	0	0	0	0	0	0	226	49.1
7780	0	0	0	0	0	0	0	0	223	49.0
7790	0	0	0	0	0	0	0	0	220	49.0
7800	0	0	0	0	0	0	0	0	218	48.8
7810	0	0	0	0	0	0	0	0	216	48.7
7820	0	0	0	0	0	0	0	0	214	48.6
7830	0	0	0	0	0	0	0	0	211	48.5
7840	0	0	0	0	0	0	0	0	209	48.4
7850	0	0	0	0	0	0	0	0	206	48.3
7860	0	0	0	0	0	0	0	0	203	48.2
7870	0	0	0	0	0	0	0	0	201	48.1
7880	0	0	0	0	0	0	0	0	198	48.0
7890	0	0	0	0	0	0	0	0	195	47.9
7900	0	0	0	0	0	0	0	0	193	47.8
7910	0	0	0	0	0	0	0	0	190	47.7
7920	0	0	0	0	0	0	0	0	187	47.6
7930	0	0	0	0	0	0	0	0	184	47.5
7940	0	0	0	0	0	0	0	0	180	47.3
7950	0	0	0	0	0	0	0	0	176	47.2
7960	0	0	0	0	0	0	0	0	172	47.1
7970	0	0	0	0	0	0	0	0	168	47.0
7980	0	0	0	0	0	0	0	0	164	46.8
7990	0	0	0	0	0	0	0	0	162	46.6
8000	0	0	0	0	0	0	0	0	159	46.5
8010	0	0	0	0	0	0	0	0	153	46.3
8020	0	0	0	0	0	0	0	0	147	46.0
8030	0	0	0	0	0	0	0	0	141	45.8
8040	0	0	0	0	0	0	0	0	135	45.5
8050	0	0	0	0	0	0	0	0	131	45.3
8060	0	0	0	0	0	0	0	0	125	45.0
8070	0	0	0	0	0	0	0	0	119	44.8
8080	0	0	0	0	0	0	0	0	113	44.6
8090	0	0	0	0	0	0	0	0	107	44.4
8100	0	0	0	0	0	0	0	0	103	44.3
