400	0	0	1404	18	0	0	0	0	0	0	0	0	0	0
450	0	0	1377	18	0	0	0	0	0	0	0	0	0	0
500	0	0	1349	18	0	0	0	0	0	0	0	0	0	0
550	0	0	1320	17.5	0	0	0	0	0	0	0	0	0	0
600	0	0	1288	17	0	0	0	0	0	0	0	0	0	0
650	0	0	1254	17	0	0	0	0	0	0	0	0	0	0
700	0	0	1216	16.5	1416	27	0	0	0	0	0	0	0	0
750	0	0	1169	15.5	1402	26.5	0	0	0	0	0	0	0	0
800	0	0	1092	14.5	1387	26.5	0	0	0	0	0	0	0	0
850	0	0	0	0	1373	26.5	0	0	0	0	0	0	0	0
900	0	0	0	0	1359	26.5	0	0	0	0	0	0	0	0
950	0	0	0	0	1344	26.5	0	0	0	0	0	0	0	0
1000	0	0	0	0	1329	26	1415	33	0	0	0	0	0	0
1050	0	0	0	0	1313	26	1405	33	0	0	0	0	0	0
1100	0	0	0	0	1297	26	1395	33	0	0	0	0	0	0
1150	0	0	0	0	1281	25.5	1385	33	0	0	0	0	0	0
1200	0	0	0	0	1264	25.5	1375	32.5	0	0	0	0	0	0
1250	0	0	0	0	1247	25.5	1364	32.5	1419	38	0	0	0	0
1300	0	0	0	0	1229	25	1354	32.5	1411	38	0	0	0	0
1350	0	0	0	0	1210	25	1343	32.5	1403	38	0	0	0	0
1400	0	0	0	0	1191	24.5	1333	32.5	1395	38	0	0	0	0
1450	0	0	0	0	1170	24.5	1322	32	1387	38	0	0	0	0
1500	0	0	0	0	1148	24	1311	32	1380	38	1421	42.5	0	0
1550	0	0	0	0	1124	23.5	1300	32	1372	37.5	1414	42.5	0	0
1600	0	0	0	0	1097	23	1288	32	1363	37.5	1408	42.5	0	0
1650	0	0	0	0	1067	22.5	1276	31.5	1355	37.5	1401	42.5	0	0
1700	0	0	0	0	1030	22	1265	31.5	1347	37.5	1395	42.5	0	0
1750	0	0	0	0	977	21	1253	31.5	1339	37.5	1388	42.5	1421	46.5
1800	0	0	0	0	0	0	1240	31.5	1330	37.5	1382	42	1415	46.5
1850	0	0	0	0	0	0	1227	31	1322	37	1375	42	1410	46.5
1900	0	0	0	0	0	0	1214	31	1313	37	1368	42	1404	46
1950	0	0	0	0	0	0	1201	30.5	1305	37	1362	42	1398	46
2000	0	0	0	0	0	0	1187	30.5	1296	37	1355	42	1393	46
2050	0	0	0	0	0	0	1173	30.5	1287	37	1348	42	1387	46
2100	0	0	0	0	0	0	1158	30	1278	36.5	1341	42	1381	46
2150	0	0	0	0	0	0	1143	30	1268	36.5	1334	41.5	1376	46
2200	0	0	0	0	0	0	1127	29.5	1259	36.5	1327	41.5	1370	46
2250	0	0	0	0	0	0	1110	29	1250	36.5	1320	41.5	1364	46
2300	0	0	0	0	0	0	1092	29	1240	36	1313	41.5	1358	45.5
2350	0	0	0	0	0	0	1072	28.5	1230	36	1306	41.5	1352	45.5
2400	0	0	0	0	0	0	1051	28	1220	36	1298	41	1346	45.5
2450	0	0	0	0	0	0	1028	27.5	1210	35.5	1291	41	1340	45.5
2500	0	0	0	0	0	0	1002	27	1199	35.5	1283	41	1334	45.5
2550	0	0	0	0	0	0	971	26.5	1189	35.5	1276	41	1328	45.5
2600	0	0	0	0	0	0	928	25.5	1178	35	1268	41	1322	45
2650	0	0	0	0	0	0	0	0	1166	35	1260	40.5	1315	45
2700	0	0	0	0	0	0	0	0	1155	35	1252	40.5	1309	45
2750	0	0	0	0	0	0	0	0	1143	34.5	1244	40.5	1303	45
2800	0	0	0	0	0	0	0	0	1130	34.5	1236	40.5	1296	45
2850	0	0	0	0	0	0	0	0	1118	34	1227	40	1290	44.5
2900	0	0	0	0	0	0	0	0	1104	34	1291	40	1283	44.5
2950	0	0	0	0	0	0	0	0	1090	33.5	1210	40	1277	44.5
3000	0	0	0	0	0	0	0	0	1076	33	1202	39.5	1270	44.5
3050	0	0	0	0	0	0	0	0	1061	33	1193	39.5	1263	44.5
3100	0	0	0	0	0	0	0	0	1044	32.5	1183	39.5	1256	44
3150	0	0	0	0	0	0	0	0	1027	32	1174	39	1249	44
3200	0	0	0	0	0	0	0	0	1008	31.5	1165	39	1242	44
3250	0	0	0	0	0	0	0	0	987	31	1155	39	1235	44
3300	0	0	0	0	0	0	0	0	963	30.5	1145	38.5	1228	43.5
3350	0	0	0	0	0	0	0	0	934	30	1134	38.5	1220	43.5
3400	0	0	0	0	0	0	0	0	895	29	1124	38	1213	43.5
3450	0	0	0	0	0	0	0	0	0	0	1113	38	1205	43.5
3500	0	0	0	0	0	0	0	0	0	0	1102	37.5	1198	43
3550	0	0	0	0	0	0	0	0	0	0	1090	37.5	1190	43
3600	0	0	0	0	0	0	0	0	0	0	1078	37	1182	43
3650	0	0	0	0	0	0	0	0	0	0	1065	37	1174	42.5
3700	0	0	0	0	0	0	0	0	0	0	1051	36.5	1165	42.5
3750	0	0	0	0	0	0	0	0	0	0	1037	36	1157	42.5
3800	0	0	0	0	0	0	0	0	0	0	1022	36	1148	42
3850	0	0	0	0	0	0	0	0	0	0	1006	35.5	1139	42
3900	0	0	0	0	0	0	0	0	0	0	989	35	1130	41.5
3950	0	0	0	0	0	0	0	0	0	0	969	34.5	1121	41.5
4000	0	0	0	0	0	0	0	0	0	0	947	34	1112	41.5
4050	0	0	0	0	0	0	0	0	0	0	921	33	1102	41
4100	0	0	0	0	0	0	0	0	0	0	886	32	1092	41
4150	0	0	0	0	0	0	0	0	0	0	0	0	1081	40.5
4200	0	0	0	0	0	0	0	0	0	0	0	0	1071	40.5
4250	0	0	0	0	0	0	0	0	0	0	0	0	1060	40
4300	0	0	0	0	0	0	0	0	0	0	0	0	1046	40
4350	0	0	0	0	0	0	0	0	0	0	0	0	1036	39.5
4400	0	0	0	0	0	0	0	0	0	0	0	0	1023	39
4450	0	0	0	0	0	0	0	0	0	0	0	0	1010	38.5
4500	0	0	0	0	0	0	0	0	0	0	0	0	995	38.5
4550	0	0	0	0	0	0	0	0	0	0	0	0	980	38
4600	0	0	0	0	0	0	0	0	0	0	0	0	964	37.5
4650	0	0	0	0	0	0	0	0	0	0	0	0	945	37
4700	0	0	0	0	0	0	0	0	0	0	0	0	925	36.5
4750	0	0	0	0	0	0	0	0	0	0	0	0	900	35.5
4800	0	0	0	0	0	0	0	0	0	0	0	0	865	34.5