500	0	0	690	20.4	763	27.4	793	32.8	810	37.3	820	41.0	827	44.4	833	47.4	837	50	839	52.0
510	0	0	686	20.4	760	27.4	791	32.8	809	37.3	819	41.0	826	44.4	832	47.4	836	50	838	52.0
520	0	0	681	20.4	758	27.4	789	32.8	807	37.3	818	41.0	825	44.4	831	47.4	835	50	837	52.0
530	0	0	677	20.4	755	27.4	788	32.8	806	37.3	816	41.0	824	44.4	830	47.4	834	50	837	52.0
540	0	0	672	20.4	753	27.4	786	32.8	804	37.3	815	41.0	823	44.4	829	47.4	833	50	836	52.0
550	0	0	668	20.2	750	27.4	784	32.8	803	37.3	814	41.0	822	44.4	828	47.4	833	50	835	52.0
560	0	0	663	20.2	747	27.4	782	32.8	801	37.3	813	41.0	821	44.4	827	47.4	832	50	834	52.0
570	0	0	659	20.2	745	27.4	780	32.8	800	37.3	812	41.0	820	44.4	826	47.4	831	50	833	52.0
580	0	0	654	20.2	742	27.4	778	32.8	798	37.3	810	41.0	819	44.4	825	47.4	830	50	833	52.0
590	0	0	650	20.2	740	27.4	776	32.8	797	37.3	809	41.0	818	44.4	824	47.4	829	50	832	52.0
600	0	0	645	20.1	737	27.3	774	32.7	795	37.2	808	40.9	817	44.4	823	47.4	828	50	831	51.9
610	0	0	640	20.1	734	27.3	772	32.7	794	37.2	807	40.9	816	44.4	822	47.4	827	50	830	51.9
620	0	0	636	20.1	732	27.3	770	32.7	792	37.2	805	40.9	815	44.4	821	47.4	826	50	829	51.9
630	0	0	631	20.1	729	27.3	769	32.7	791	37.2	804	40.9	814	44.4	820	47.4	825	50	829	51.9
640	0	0	627	20.1	727	27.3	767	32.7	789	37.2	803	40.9	813	44.4	819	47.4	824	50	828	51.9
650	0	0	622	19.9	724	27.2	765	32.7	788	37.2	802	40.9	812	44.4	819	47.4	824	50	827	51.9
660	0	0	617	19.9	721	27.2	763	32.7	787	37.2	800	40.9	810	44.4	818	47.4	823	50	826	51.9
670	0	0	612	19.9	719	27.2	761	32.7	785	37.2	799	40.9	809	44.4	817	47.4	822	50	825	51.9
680	0	0	607	19.9	716	27.2	760	32.7	784	37.2	798	40.9	808	44.4	816	47.4	821	50	825	51.9
690	0	0	602	19.9	714	27.2	758	32.7	782	37.2	796	40.9	807	44.4	815	47.4	820	50	824	51.9
700	0	0	597	19.7	711	27.2	756	32.6	781	37.2	795	40.9	806	44.4	814	47.3	819	50	823	51.9
710	0	0	592	19.7	708	27.2	754	32.6	780	37.2	794	40.9	805	44.4	813	47.3	818	50	822	51.9
720	0	0	587	19.7	705	27.2	752	32.6	778	37.2	793	40.9	804	44.4	812	47.3	817	50	821	51.9
730	0	0	581	19.7	703	27.2	750	32.6	777	37.2	791	40.9	803	44.4	811	47.3	817	50	821	51.9
740	0	0	576	19.7	700	27.2	748	32.6	775	37.2	790	40.9	802	44.4	810	47.3	816	50	820	51.9
750	0	0	571	19.5	697	27.1	746	32.6	774	37.2	789	40.8	801	44.4	809	47.3	815	50	819	51.9
760	0	0	566	19.5	694	27.1	744	32.6	772	37.2	788	40.8	800	44.4	808	47.3	814	50	818	51.9
770	0	0	560	19.5	692	27.1	742	32.6	771	37.2	787	40.8	799	44.4	807	47.3	813	50	817	51.9
780	0	0	555	19.5	689	27.1	741	32.6	769	37.2	785	40.8	798	44.4	806	47.3	813	50	817	51.9
790	0	0	549	19.5	687	27.1	739	32.6	768	37.2	784	40.8	797	44.4	805	47.3	812	50	816	51.9
800	0	0	544	19.2	684	27.0	737	32.6	766	37.1	783	40.8	796	44.3	804	47.3	811	50	815	51.9
810	0	0	538	19.2	681	27.0	735	32.6	765	37.1	782	40.8	795	44.3	803	47.3	810	50	814	51.9
820	0	0	532	19.2	678	27.0	733	32.6	763	37.1	780	40.8	794	44.3	802	47.3	809	50	813	51.9
830	0	0	526	19.2	676	27.0	731	32.6	762	37.1	779	40.8	793	44.3	801	47.3	808	50	813	51.9
840	0	0	520	19.2	673	27.0	729	32.6	760	37.1	778	40.8	792	44.3	800	47.3	807	50	812	51.9
850	0	0	514	18.9	670	26.9	727	32.5	759	37.1	777	40.8	791	44.3	800	47.3	807	50	811	51.9
860	0	0	508	18.9	667	26.9	725	32.5	757	37.1	775	40.8	789	44.3	799	47.3	806	50	810	51.9
870	0	0	501	18.9	664	26.9	723	32.5	756	37.1	774	40.8	788	44.3	798	47.3	805	50	809	51.9
880	0	0	495	18.9	662	26.9	722	32.5	754	37.1	773	40.8	787	44.3	797	47.3	804	50	809	51.9
890	0	0	488	18.9	659	26.9	720	32.5	753	37.1	771	40.8	786	44.3	796	47.3	803	50	808	51.9
900	0	0	482	18.5	656	26.8	718	32.4	751	37.0	770	40.8	785	44.3	795	47.3	802	49.9	807	51.9
910	0	0	475	18.5	653	26.8	716	32.4	750	37.0	769	40.8	784	44.3	794	47.3	801	49.9	806	51.9
920	0	0	467	18.5	650	26.8	714	32.4	748	37.0	768	40.8	783	44.3	793	47.3	800	49.9	805	51.9
930	0	0	460	18.5	648	26.8	712	32.4	747	37.0	766	40.8	782	44.3	792	47.3	800	49.9	805	51.9
940	0	0	452	18.5	645	26.8	710	32.4	745	37.0	765	40.8	781	44.3	791	47.3	799	49.9	804	51.9
950	0	0	445	18	642	26.7	708	32.4	744	37.0	764	40.8	780	44.3	790	47.3	798	49.9	803	51.9
960	0	0	436	18	639	26.7	706	32.4	742	37.0	763	40.8	778	44.3	789	47.3	797	49.9	802	51.9
970	0	0	427	18	636	26.7	704	32.4	741	37.0	762	40.8	777	44.3	788	47.3	796	49.9	801	51.9
980	0	0	419	18	634	26.7	702	32.4	739	37.0	760	40.8	776	44.3	787	47.3	796	49.9	801	51.9
990	0	0	410	18	631	26.7	700	32.4	738	37.0	759	40.8	775	44.3	786	47.3	795	49.9	800	51.9
1000	0	0	401	17.3	628	26.6	698	32.3	736	37.0	758	40.7	774	44.2	785	47.2	794	49.9	799	51.8
1010	0	0	0	0	625	26.6	696	32.3	735	37.0	757	40.7	773	44.2	784	47.2	793	49.9	798	51.8
1020	0	0	0	0	622	26.6	694	32.3	733	37.0	755	40.7	772	44.2	783	47.2	792	49.9	797	51.8
1030	0	0	0	0	619	26.6	692	32.3	732	37.0	754	40.7	771	44.2	782	47.2	791	49.9	797	51.8
1040	0	0	0	0	616	26.6	690	32.3	730	37.0	753	40.7	770	44.2	781	47.2	790	49.9	796	51.8
1050	0	0	0	0	613	26.4	688	32.2	729	37.0	752	40.7	769	44.2	781	47.2	790	49.9	795	51.8
1060	0	0	0	0	610	26.4	686	32.2	727	37.0	750	40.7	767	44.2	780	47.2	789	49.9	794	51.8
1070	0	0	0	0	607	26.4	684	32.2	726	37.0	749	40.7	766	44.2	779	47.2	788	49.9	793	51.8
1080	0	0	0	0	604	26.4	682	32.2	724	37.0	748	40.7	765	44.2	778	47.2	787	49.9	793	51.8
1090	0	0	0	0	601	26.4	680	32.2	723	37.0	746	40.7	764	44.2	777	47.2	786	49.9	792	51.8
1100	0	0	0	0	598	26.3	678	32.2	721	36.9	745	40.6	763	44.2	776	47.2	785	49.8	791	51.8
1110	0	0	0	0	595	26.3	676	32.2	719	36.9	744	40.6	762	44.2	775	47.2	784	49.8	790	51.8
1120	0	0	0	0	592	26.3	674	32.2	718	36.9	742	40.6	761	44.2	774	47.2	783	49.8	789	51.8
1130	0	0	0	0	588	26.3	672	32.2	716	36.9	741	40.6	760	44.2	773	47.2	782	49.8	789	51.8
1140	0	0	0	0	585	26.3	670	32.2	715	36.9	740	40.6	759	44.2	772	47.2	781	49.8	788	51.8
1150	0	0	0	0	582	26.2	668	32.1	713	36.9	739	40.6	758	44.2	771	47.2	781	49.8	787	51.8
1160	0	0	0	0	579	26.2	666	32.1	711	36.9	737	40.6	756	44.2	770	47.2	780	49.8	786	51.8
1170	0	0	0	0	576	26.2	664	32.1	710	36.9	736	40.6	755	44.2	769	47.2	779	49.8	785	51.8
1180	0	0	0	0	573	26.2	662	32.1	708	36.9	735	40.6	754	44.2	768	47.2	778	49.8	785	51.8
1190	0	0	0	0	570	26.2	660	32.1	707	36.9	733	40.6	753	44.2	767	47.2	777	49.8	784	51.8
1200	0	0	0	0	567	26.0	658	32.0	705	36.8	732	40.6	752	44.1	766	47.1	776	49.8	783	51.8
1210	0	0	0	0	564	26.0	656	32.0	703	36.8	731	40.6	751	44.1	765	47.1	775	49.8	782	51.8
1220	0	0	0	0	560	26.0	654	32.0	702	36.8	729	40.6	750	44.1	764	47.1	774	49.8	781	51.8
1230	0	0	0	0	557	26.0	652	32.0	700	36.8	728	40.6	749	44.1	763	47.1	773	49.8	780	51.8
1240	0	0	0	0	553	26.0	650	32.0	699	36.8	727	40.6	748	44.1	762	47.1	772	49.8	779	51.8
1250	0	0	0	0	550	25.8	648	31.9	697	36.8	726	40.5	747	44.1	761	47.1	772	49.8	779	51.8
1260	0	0	0	0	547	25.8	646	31.9	695	36.8	724	40.5	745	44.1	760	47.1	771	49.8	778	51.8
1270	0	0	0	0	543	25.8	644	31.9	694	36.8	723	40.5	744	44.1	759	47.1	770	49.8	777	51.8
1280	0	0	0	0	540	25.8	641	31.9	692	36.8	722	40.5	743	44.1	758	47.1	769	49.8	776	51.8
1290	0	0	0	0	536	25.8	639	31.9	691	36.8	720	40.5	742	44.1	757	47.1	768	49.8	775	51.8
1300	0	0	0	0	533	25.6	637	31.8	689	36.6	719	40.5	741	44.0	756	47.1	767	49.7	774	51.7
1310	0	0	0	0	530	25.6	635	31.8	688	36.6	718	40.5	740	44.0	755	47.1	766	49.7	773	51.7
1320	0	0	0	0	526	25.6	633	31.8	686	36.6	716	40.5	739	44.0	754	47.1	765	49.7	772	51.7
1330	0	0	0	0	523	25.6	631	31.8	685	36.6	715	40.5	738	44.0	753	47.1	764	49.7	772	51.7
1340	0	0	0	0	519	25.6	629	31.8	683	36.6	714	40.5	737	44.0	752	47.1	763	49.7	771	51.7
1350	0	0	0	0	516	25.4	627	31.7	682	36.6	713	40.5	736	44.0	751	47.1	763	49.7	770	51.7
1360	0	0	0	0	512	25.4	625	31.7	680	36.6	711	40.5	734	44.0	750	47.1	762	49.7	769	51.7
1370	0	0	0	0	509	25.4	623	31.7	679	36.6	710	40.5	733	44.0	749	47.1	761	49.7	768	51.7
1380	0	0	0	0	505	25.4	620	31.7	677	36.6	709	40.5	732	44.0	748	47.1	760	49.7	768	51.7
1390	0	0	0	0	502	25.4	618	31.7	676	36.6	707	40.5	731	44.0	747	47.1	759	49.7	767	51.7
1400	0	0	0	0	498	25.2	616	31.6	674	36.5	706	40.4	730	44.0	746	47.0	758	49.7	766	51.7
1410	0	0	0	0	494	25.2	614	31.6	672	36.5	705	40.4	729	44.0	745	47.0	757	49.7	765	51.7
1420	0	0	0	0	490	25.2	612	31.6	671	36.5	703	40.4	728	44.0	744	47.0	756	49.7	764	51.7
1430	0	0	0	0	487	25.2	609	31.6	669	36.5	702	40.4	727	44.0	743	47.0	756	49.7	764	51.7
1440	0	0	0	0	483	25.2	607	31.6	667	36.5	701	40.4	726	44.0	742	47.0	755	49.7	763	51.7
1450	0	0	0	0	479	24.9	605	31.5	666	36.5	700	40.4	725	44.0	741	47.0	754	49.7	762	51.7
1460	0	0	0	0	475	24.9	603	31.5	664	36.5	698	40.4	723	44.0	740	47.0	753	49.7	761	51.7
1470	0	0	0	0	471	24.9	601	31.5	662	36.5	697	40.4	722	44.0	739	47.0	752	49.7	760	51.7
1480	0	0	0	0	467	24.9	598	31.5	660	36.5	696	40.4	721	44.0	738	47.0	752	49.7	760	51.7
1490	0	0	0	0	463	24.9	596	31.5	659	36.5	694	40.4	720	44.0	737	47.0	751	49.7	759	51.7
1500	0	0	0	0	459	24.6	594	31.4	657	36.4	693	40.3	719	43.9	736	46.9	750	49.6	758	51.6
1510	0	0	0	0	455	24.6	592	31.4	655	36.4	692	40.3	718	43.9	735	46.9	749	49.6	757	51.6
1520	0	0	0	0	450	24.6	590	31.4	654	36.4	690	40.3	717	43.9	734	46.9	748	49.6	756	51.6
1530	0	0	0	0	446	24.6	587	31.4	652	36.4	689	40.3	715	43.9	733	46.9	747	49.6	756	51.6
1540	0	0	0	0	441	24.6	585	31.4	651	36.4	688	40.3	714	43.9	732	46.9	746	49.6	755	51.6
1550	0	0	0	0	437	24.3	583	31.3	649	36.4	687	40.2	713	43.9	731	46.9	746	49.6	754	51.6
1560	0	0	0	0	433	24.3	581	31.3	647	36.4	685	40.2	712	43.9	730	46.9	745	49.6	753	51.6
1570	0	0	0	0	428	24.3	578	31.3	646	36.4	684	40.2	711	43.9	729	46.9	744	49.6	752	51.6
1580	0	0	0	0	424	24.3	576	31.3	644	36.4	683	40.2	709	43.9	728	46.9	743	49.6	752	51.6
1590	0	0	0	0	419	24.3	573	31.3	643	36.4	681	40.2	708	43.9	727	46.9	742	49.6	751	51.6
1600	0	0	0	0	415	24.0	571	31.1	641	36.2	680	40.1	707	43.8	726	46.8	741	49.6	750	51.5
1610	0	0	0	0	410	24.0	569	31.1	639	36.2	679	40.1	706	43.8	725	46.8	740	49.6	749	51.5
1620	0	0	0	0	405	24.0	567	31.1	638	36.2	677	40.1	705	43.8	724	46.8	739	49.6	748	51.5
1630	0	0	0	0	399	24.0	564	31.1	636	36.2	676	40.1	704	43.8	723	46.8	738	49.6	747	51.5
1640	0	0	0	0	394	24.0	562	31.1	634	36.2	674	40.1	703	43.8	722	46.8	737	49.6	746	51.5
1650	0	0	0	0	389	23.6	560	31.0	633	36.2	673	40.1	702	43.8	721	46.8	737	49.6	746	51.5
1660	0	0	0	0	383	23.6	558	31.0	631	36.2	672	40.1	700	43.8	720	46.8	736	49.6	745	51.5
1670	0	0	0	0	378	23.6	555	31.0	629	36.2	670	40.1	699	43.8	719	46.8	735	49.6	744	51.5
1680	0	0	0	0	372	23.6	553	31.0	627	36.2	669	40.1	698	43.8	718	46.8	734	49.6	743	51.5
1690	0	0	0	0	367	23.6	550	31.0	626	36.2	667	40.1	697	43.8	717	46.8	733	49.6	742	51.5
1700	0	0	0	0	361	23.1	548	30.9	624	36.0	666	40	696	43.7	716	46.8	732	49.5	741	51.5
1710	0	0	0	0	354	23.1	545	30.9	622	36.0	665	40	695	43.7	715	46.8	731	49.5	740	51.5
1720	0	0	0	0	348	23.1	543	30.9	621	36.0	663	40	694	43.7	714	46.8	730	49.5	739	51.5
1730	0	0	0	0	341	23.1	540	30.9	619	36.0	662	40	692	43.7	713	46.8	729	49.5	739	51.5
1740	0	0	0	0	335	23.1	538	30.9	617	36.0	660	40	691	43.7	712	46.8	728	49.5	738	51.5
1750	0	0	0	0	328	22.5	535	30.7	616	36.0	659	40	690	43.7	711	46.8	728	49.5	737	51.5
1760	0	0	0	0	0	0	533	30.7	614	36.0	658	40	689	43.7	710	46.8	727	49.5	736	51.5
1770	0	0	0	0	0	0	530	30.7	612	36.0	656	40	688	43.7	709	46.8	726	49.5	735	51.5
1780	0	0	0	0	0	0	528	30.7	610	36.0	655	40	686	43.7	708	46.8	725	49.5	735	51.5
1790	0	0	0	0	0	0	525	30.7	609	36.0	653	40	685	43.7	707	46.8	724	49.5	734	51.5
1800	0	0	0	0	0	0	523	30.5	607	35.9	652	39.9	684	43.6	706	46.7	723	49.4	733	51.4
1810	0	0	0	0	0	0	520	30.5	605	35.9	651	39.9	683	43.6	705	46.7	722	49.4	732	51.4
1820	0	0	0	0	0	0	518	30.5	603	35.9	649	39.9	682	43.6	704	46.7	721	49.4	731	51.4
1830	0	0	0	0	0	0	515	30.5	602	35.9	648	39.9	681	43.6	703	46.7	720	49.4	730	51.4
1840	0	0	0	0	0	0	513	30.5	600	35.9	646	39.9	680	43.6	702	46.7	719	49.4	729	51.4
1850	0	0	0	0	0	0	510	30.4	598	35.7	645	39.8	679	43.6	701	46.7	718	49.4	729	51.4
1860	0	0	0	0	0	0	507	30.4	596	35.7	644	39.8	677	43.6	700	46.7	717	49.4	728	51.4
1870	0	0	0	0	0	0	505	30.4	594	35.7	642	39.8	676	43.6	699	46.7	716	49.4	727	51.4
1880	0	0	0	0	0	0	502	30.4	593	35.7	641	39.8	675	43.6	698	46.7	715	49.4	726	51.4
1890	0	0	0	0	0	0	500	30.4	591	35.7	639	39.8	674	43.6	697	46.7	714	49.4	725	51.4
1900	0	0	0	0	0	0	497	30.2	589	35.6	638	39.7	673	43.5	696	46.6	713	49.4	724	51.4
1910	0	0	0	0	0	0	494	30.2	587	35.6	637	39.7	672	43.5	695	46.6	712	49.4	723	51.4
1920	0	0	0	0	0	0	491	30.2	585	35.6	635	39.7	671	43.5	694	46.6	711	49.4	722	51.4
1930	0	0	0	0	0	0	489	30.2	584	35.6	634	39.7	669	43.5	693	46.6	710	49.4	722	51.4
1940	0	0	0	0	0	0	486	30.2	582	35.6	632	39.7	668	43.5	692	46.6	709	49.4	721	51.4
1950	0	0	0	0	0	0	483	30	580	35.5	631	39.7	667	43.5	691	46.6	709	49.4	720	51.4
1960	0	0	0	0	0	0	480	30	578	35.5	630	39.7	666	43.5	690	46.6	708	49.4	719	51.4
1970	0	0	0	0	0	0	477	30	576	35.5	628	39.7	665	43.5	689	46.6	707	49.4	718	51.4
1980	0	0	0	0	0	0	475	30	575	35.5	627	39.7	663	43.5	688	46.6	706	49.4	718	51.4
1990	0	0	0	0	0	0	472	30	573	35.5	625	39.7	662	43.5	687	46.6	705	49.4	717	51.4
2000	0	0	0	0	0	0	469	29.8	571	35.4	624	39.6	661	43.4	686	46.5	704	49.3	716	51.3
2010	0	0	0	0	0	0	466	29.8	569	35.4	623	39.6	660	43.4	685	46.5	703	49.3	715	51.3
2020	0	0	0	0	0	0	463	29.8	567	35.4	621	39.6	659	43.4	684	46.5	702	49.3	714	51.3
2030	0	0	0	0	0	0	461	29.8	566	35.4	620	39.6	657	43.4	683	46.5	701	49.3	713	51.3
2040	0	0	0	0	0	0	458	29.8	564	35.4	618	39.6	656	43.4	682	46.5	700	49.3	712	51.3
2050	0	0	0	0	0	0	455	29.5	562	35.3	617	39.5	655	43.3	681	46.5	700	49.3	712	51.3
2060	0	0	0	0	0	0	452	29.5	560	35.3	615	39.5	654	43.3	679	46.5	699	49.3	711	51.3
2070	0	0	0	0	0	0	449	29.5	558	35.3	614	39.5	653	43.3	678	46.5	698	49.3	710	51.3
2080	0	0	0	0	0	0	445	29.5	557	35.3	612	39.5	651	43.3	677	46.5	697	49.3	709	51.3
2090	0	0	0	0	0	0	442	29.5	555	35.3	611	39.5	650	43.3	676	46.5	696	49.3	708	51.3
2100	0	0	0	0	0	0	439	29.3	553	35.2	609	39.4	649	43.2	675	46.4	695	49.2	707	51.2
2110	0	0	0	0	0	0	436	29.3	551	35.2	608	39.4	648	43.2	674	46.4	694	49.2	706	51.2
2120	0	0	0	0	0	0	433	29.3	549	35.2	606	39.4	647	43.2	673	46.4	693	49.2	705	51.2
2130	0	0	0	0	0	0	429	29.3	547	35.2	605	39.4	645	43.2	672	46.4	692	49.2	705	51.2
2140	0	0	0	0	0	0	426	29.3	545	35.2	603	39.4	644	43.2	671	46.4	691	49.2	704	51.2
2150	0	0	0	0	0	0	423	29.0	543	35.0	602	39.3	643	43.2	670	46.4	691	49.2	703	51.2
2160	0	0	0	0	0	0	420	29.0	541	35.0	601	39.3	642	43.2	669	46.4	690	49.2	702	51.2
2170	0	0	0	0	0	0	417	29.0	539	35.0	599	39.3	641	43.2	668	46.4	689	49.2	701	51.2
2180	0	0	0	0	0	0	413	29.0	537	35.0	598	39.3	639	43.2	667	46.4	688	49.2	701	51.2
2190	0	0	0	0	0	0	410	29.0	535	35.0	596	39.3	638	43.2	666	46.4	687	49.2	700	51.2
2200	0	0	0	0	0	0	407	28.7	533	34.9	595	39.2	637	43.1	665	46.3	686	49.1	699	51.1
2210	0	0	0	0	0	0	403	28.7	531	34.9	593	39.2	636	43.1	664	46.3	685	49.1	698	51.1
2220	0	0	0	0	0	0	400	28.7	529	34.9	592	39.2	634	43.1	663	46.3	684	49.1	697	51.1
2230	0	0	0	0	0	0	396	28.7	527	34.9	590	39.2	633	43.1	662	46.3	683	49.1	696	51.1
2240	0	0	0	0	0	0	393	28.7	525	34.9	589	39.2	632	43.1	661	46.3	682	49.1	695	51.1
2250	0	0	0	0	0	0	389	28.4	523	34.8	587	39.1	631	43.0	660	46.3	681	49.1	695	51.1
2260	0	0	0	0	0	0	385	28.4	521	34.8	585	39.1	629	43.0	658	46.3	680	49.1	694	51.1
2270	0	0	0	0	0	0	381	28.4	519	34.8	584	39.1	628	43.0	657	46.3	679	49.1	693	51.1
2280	0	0	0	0	0	0	378	28.4	517	34.8	582	39.1	627	43.0	656	46.3	678	49.1	692	51.1
2290	0	0	0	0	0	0	374	28.4	515	34.8	581	39.1	625	43.0	655	46.3	677	49.1	691	51.1
2300	0	0	0	0	0	0	370	28.1	513	34.6	579	39.0	624	42.9	654	46.2	676	49.0	690	51.0
2310	0	0	0	0	0	0	366	28.1	511	34.6	578	39.0	623	42.9	653	46.2	675	49.0	689	51.0
2320	0	0	0	0	0	0	362	28.1	509	34.6	576	39.0	622	42.9	652	46.2	674	49.0	688	51.0
2330	0	0	0	0	0	0	357	28.1	507	34.6	575	39.0	620	42.9	651	46.2	673	49.0	687	51.0
2340	0	0	0	0	0	0	353	28.1	505	34.6	573	39.0	619	42.9	650	46.2	672	49.0	686	51.0
2350	0	0	0	0	0	0	349	27.7	503	34.4	572	38.9	618	42.9	649	46.1	672	49.0	686	51.0
2360	0	0	0	0	0	0	344	27.7	500	34.4	570	38.9	617	42.9	647	46.1	671	49.0	685	51.0
2370	0	0	0	0	0	0	340	27.7	498	34.4	569	38.9	616	42.9	646	46.1	670	49.0	684	51.0
2380	0	0	0	0	0	0	335	27.7	496	34.4	567	38.9	614	42.9	645	46.1	669	49.0	683	51.0
2390	0	0	0	0	0	0	331	27.7	494	34.4	566	38.9	613	42.9	644	46.1	668	49.0	682	51.0
2400	0	0	0	0	0	0	326	27.2	492	34.3	564	38.8	612	42.8	643	46.0	667	48.9	681	50.9
2410	0	0	0	0	0	0	321	27.2	490	34.3	562	38.8	611	42.8	642	46.0	666	48.9	680	50.9
2420	0	0	0	0	0	0	316	27.2	488	34.3	561	38.8	609	42.8	641	46.0	665	48.9	679	50.9
2430	0	0	0	0	0	0	311	27.2	485	34.3	559	38.8	608	42.8	640	46.0	664	48.9	678	50.9
2440	0	0	0	0	0	0	306	27.2	483	34.3	558	38.8	607	42.8	639	46.0	663	48.9	677	50.9
2450	0	0	0	0	0	0	301	26.7	481	34.1	556	38.7	606	42.7	638	46.0	662	48.9	677	50.9
2460	0	0	0	0	0	0	295	26.7	479	34.1	554	38.7	604	42.7	637	46.0	661	48.9	676	50.9
2470	0	0	0	0	0	0	288	26.7	477	34.1	553	38.7	603	42.7	636	46.0	660	48.9	675	50.9
2480	0	0	0	0	0	0	282	26.7	474	34.1	551	38.7	602	42.7	635	46.0	659	48.9	674	50.9
2490	0	0	0	0	0	0	275	26.7	472	34.1	550	38.7	600	42.7	634	46.0	658	48.9	673	50.9
2500	0	0	0	0	0	0	269	26.0	470	33.9	548	38.6	599	42.6	633	45.9	657	48.8	672	50.8
2510	0	0	0	0	0	0	0	0	468	33.9	546	38.6	598	42.6	632	45.9	656	48.8	671	50.8
2520	0	0	0	0	0	0	0	0	465	33.9	545	38.6	596	42.6	631	45.9	655	48.8	670	50.8
2530	0	0	0	0	0	0	0	0	463	33.9	543	38.6	595	42.6	629	45.9	654	48.8	669	50.8
2540	0	0	0	0	0	0	0	0	461	33.9	541	38.6	594	42.6	628	45.9	653	48.8	668	50.8
2550	0	0	0	0	0	0	0	0	459	33.7	540	38.5	593	42.5	627	45.9	652	48.8	668	50.8
2560	0	0	0	0	0	0	0	0	456	33.7	538	38.5	591	42.5	626	45.9	651	48.8	667	50.8
2570	0	0	0	0	0	0	0	0	454	33.7	536	38.5	590	42.5	625	45.9	650	48.8	666	50.8
2580	0	0	0	0	0	0	0	0	452	33.7	534	38.5	589	42.5	623	45.9	649	48.8	665	50.8
2590	0	0	0	0	0	0	0	0	449	33.7	533	38.5	587	42.5	622	45.9	648	48.8	664	50.8
2600	0	0	0	0	0	0	0	0	447	33.5	531	38.3	586	42.4	621	45.8	647	48.7	663	50.7
2610	0	0	0	0	0	0	0	0	445	33.5	529	38.3	585	42.4	620	45.8	646	48.7	662	50.7
2620	0	0	0	0	0	0	0	0	442	33.5	528	38.3	583	42.4	619	45.8	645	48.7	661	50.7
2630	0	0	0	0	0	0	0	0	440	33.5	526	38.3	582	42.4	618	45.8	644	48.7	660	50.7
2640	0	0	0	0	0	0	0	0	437	33.5	524	38.3	581	42.4	617	45.8	643	48.7	659	50.7
2650	0	0	0	0	0	0	0	0	435	33.3	523	38.2	580	42.4	616	45.7	642	48.6	659	50.7
2660	0	0	0	0	0	0	0	0	432	33.3	521	38.2	578	42.4	614	45.7	641	48.6	658	50.7
2670	0	0	0	0	0	0	0	0	430	33.3	519	38.2	577	42.4	613	45.7	640	48.6	657	50.7
2680	0	0	0	0	0	0	0	0	427	33.3	517	38.2	576	42.4	612	45.7	639	48.6	656	50.7
2690	0	0	0	0	0	0	0	0	425	33.3	516	38.2	574	42.4	611	45.7	638	48.6	655	50.7
2700	0	0	0	0	0	0	0	0	422	33.1	514	38.1	573	42.3	610	45.6	637	48.5	654	50.6
2710	0	0	0	0	0	0	0	0	419	33.1	512	38.1	572	42.3	609	45.6	636	48.5	653	50.6
2720	0	0	0	0	0	0	0	0	417	33.1	511	38.1	570	42.3	608	45.6	635	48.5	652	50.6
2730	0	0	0	0	0	0	0	0	414	33.1	509	38.1	569	42.3	607	45.6	634	48.5	651	50.6
2740	0	0	0	0	0	0	0	0	411	33.1	507	38.1	567	42.3	606	45.6	633	48.5	650	50.6
2750	0	0	0	0	0	0	0	0	409	32.8	506	38.0	566	42.2	605	45.6	632	48.5	650	50.6
2760	0	0	0	0	0	0	0	0	406	32.8	504	38.0	565	42.2	603	45.6	631	48.5	649	50.6
2770	0	0	0	0	0	0	0	0	403	32.8	502	38.0	563	42.2	602	45.6	630	48.5	648	50.6
2780	0	0	0	0	0	0	0	0	400	32.8	500	38.0	562	42.2	601	45.6	629	48.5	647	50.6
2790	0	0	0	0	0	0	0	0	398	32.8	499	38.0	560	42.2	600	45.6	628	48.5	646	50.6
2800	0	0	0	0	0	0	0	0	395	32.6	497	37.8	559	42.1	599	45.5	627	48.4	645	50.5
2810	0	0	0	0	0	0	0	0	392	32.6	495	37.8	558	42.1	598	45.5	626	48.4	644	50.5
2820	0	0	0	0	0	0	0	0	389	32.6	493	37.8	556	42.1	597	45.5	625	48.4	643	50.5
2830	0	0	0	0	0	0	0	0	386	32.6	492	37.8	555	42.1	595	45.5	624	48.4	642	50.5
2840	0	0	0	0	0	0	0	0	383	32.6	490	37.8	553	42.1	594	45.5	623	48.4	641	50.5
2850	0	0	0	0	0	0	0	0	381	32.3	488	37.7	552	42.0	593	45.4	622	48.4	641	50.5
2860	0	0	0	0	0	0	0	0	378	32.3	486	37.7	551	42.0	592	45.4	621	48.4	640	50.5
2870	0	0	0	0	0	0	0	0	375	32.3	484	37.7	549	42.0	591	45.4	620	48.4	639	50.5
2880	0	0	0	0	0	0	0	0	372	32.3	483	37.7	548	42.0	589	45.4	619	48.4	638	50.5
2890	0	0	0	0	0	0	0	0	369	32.3	481	37.7	546	42.0	588	45.4	618	48.4	637	50.5
2900	0	0	0	0	0	0	0	0	366	32.0	479	37.5	545	41.8	587	45.3	617	48.3	636	50.4
2910	0	0	0	0	0	0	0	0	363	32.0	477	37.5	544	41.8	586	45.3	616	48.3	635	50.4
2920	0	0	0	0	0	0	0	0	359	32.0	475	37.5	542	41.8	585	45.3	615	48.3	634	50.4
2930	0	0	0	0	0	0	0	0	356	32.0	473	37.5	541	41.8	583	45.3	614	48.3	633	50.4
2940	0	0	0	0	0	0	0	0	352	32.0	471	37.5	539	41.8	582	45.3	613	48.3	632	50.4
2950	0	0	0	0	0	0	0	0	349	31.7	469	37.3	538	41.7	581	45.2	612	48.2	631	50.4
2960	0	0	0	0	0	0	0	0	346	31.7	467	37.3	537	41.7	580	45.2	611	48.2	630	50.4
2970	0	0	0	0	0	0	0	0	342	31.7	465	37.3	535	41.7	579	45.2	610	48.2	629	50.4
2980	0	0	0	0	0	0	0	0	339	31.7	463	37.3	534	41.7	577	45.2	609	48.2	628	50.4
2990	0	0	0	0	0	0	0	0	335	31.7	461	37.3	532	41.7	576	45.2	608	48.2	627	50.4
3000	0	0	0	0	0	0	0	0	332	31.3	459	37.1	531	41.6	575	45.1	607	48.1	626	50.3
3010	0	0	0	0	0	0	0	0	328	31.3	457	37.1	530	41.6	574	45.1	606	48.1	625	50.3
3020	0	0	0	0	0	0	0	0	324	31.3	455	37.1	528	41.6	573	45.1	605	48.1	624	50.3
3030	0	0	0	0	0	0	0	0	320	31.3	453	37.1	527	41.6	571	45.1	604	48.1	623	50.3
3040	0	0	0	0	0	0	0	0	316	31.3	451	37.1	525	41.6	570	45.1	603	48.1	622	50.3
3050	0	0	0	0	0	0	0	0	313	30.6	449	37.0	524	41.5	569	45.0	602	48.1	622	50.2
3060	0	0	0	0	0	0	0	0	309	30.6	447	37.0	522	41.5	568	45.0	600	48.1	621	50.2
3070	0	0	0	0	0	0	0	0	305	30.6	445	37.0	521	41.5	567	45.0	599	48.1	620	50.2
3080	0	0	0	0	0	0	0	0	301	30.6	443	37.0	519	41.5	565	45.0	598	48.1	619	50.2
3090	0	0	0	0	0	0	0	0	297	30.6	441	37.0	518	41.5	564	45.0	597	48.1	618	50.2
3100	0	0	0	0	0	0	0	0	293	30.3	439	36.8	516	41.4	563	44.9	596	48.0	617	50.1
3110	0	0	0	0	0	0	0	0	0	0	437	36.8	515	41.4	562	44.9	595	48.0	616	50.1
3120	0	0	0	0	0	0	0	0	0	0	435	36.8	513	41.4	561	44.9	594	48.0	615	50.1
3130	0	0	0	0	0	0	0	0	0	0	433	36.8	512	41.4	559	44.9	593	48.0	614	50.1
3140	0	0	0	0	0	0	0	0	0	0	431	36.8	510	41.4	558	44.9	592	48.0	613	50.1
3150	0	0	0	0	0	0	0	0	0	0	429	36.6	509	41.3	557	44.8	591	47.9	612	50.1
3160	0	0	0	0	0	0	0	0	0	0	426	36.6	507	41.3	556	44.8	590	47.9	611	50.1
3170	0	0	0	0	0	0	0	0	0	0	424	36.6	506	41.3	555	44.8	589	47.9	610	50.1
3180	0	0	0	0	0	0	0	0	0	0	422	36.6	504	41.3	553	44.8	588	47.9	609	50.1
3190	0	0	0	0	0	0	0	0	0	0	420	36.6	503	41.3	552	44.8	587	47.9	608	50.1
3200	0	0	0	0	0	0	0	0	0	0	418	36.3	501	41.1	551	44.7	586	47.8	607	50.0
3210	0	0	0	0	0	0	0	0	0	0	416	36.3	499	41.1	550	44.7	585	47.8	606	50.0
3220	0	0	0	0	0	0	0	0	0	0	413	36.3	498	41.1	548	44.7	584	47.8	605	50.0
3230	0	0	0	0	0	0	0	0	0	0	411	36.3	496	41.1	547	44.7	583	47.8	604	50.0
3240	0	0	0	0	0	0	0	0	0	0	409	36.3	495	41.1	546	44.7	582	47.8	603	50.0
3250	0	0	0	0	0	0	0	0	0	0	407	36.1	493	41.0	545	44.6	581	47.7	602	49.9
3260	0	0	0	0	0	0	0	0	0	0	404	36.1	491	41.0	543	44.6	579	47.7	601	49.9
3270	0	0	0	0	0	0	0	0	0	0	402	36.1	490	41.0	542	44.6	578	47.7	600	49.9
3280	0	0	0	0	0	0	0	0	0	0	400	36.1	488	41.0	541	44.6	577	47.7	599	49.9
3290	0	0	0	0	0	0	0	0	0	0	397	36.1	487	41.0	539	44.6	576	47.7	598	49.9
3300	0	0	0	0	0	0	0	0	0	0	395	35.9	485	40.8	538	44.5	575	47.6	597	49.8
3310	0	0	0	0	0	0	0	0	0	0	393	35.9	483	40.8	537	44.5	574	47.6	596	49.8
3320	0	0	0	0	0	0	0	0	0	0	390	35.9	482	40.8	535	44.5	573	47.6	595	49.8
3330	0	0	0	0	0	0	0	0	0	0	388	35.9	480	40.8	534	44.5	572	47.6	594	49.8
3340	0	0	0	0	0	0	0	0	0	0	385	35.9	479	40.8	533	44.5	571	47.6	593	49.8
3350	0	0	0	0	0	0	0	0	0	0	383	35.6	477	40.7	532	44.4	570	47.6	593	49.8
3360	0	0	0	0	0	0	0	0	0	0	381	35.6	475	40.7	530	44.4	568	47.6	592	49.8
3370	0	0	0	0	0	0	0	0	0	0	378	35.6	474	40.7	529	44.4	567	47.6	591	49.8
3380	0	0	0	0	0	0	0	0	0	0	376	35.6	472	40.7	528	44.4	566	47.6	590	49.8
3390	0	0	0	0	0	0	0	0	0	0	373	35.6	471	40.7	526	44.4	565	47.6	589	49.8
3400	0	0	0	0	0	0	0	0	0	0	371	35.3	469	40.5	525	44.3	564	47.5	588	49.7
3410	0	0	0	0	0	0	0	0	0	0	368	35.3	467	40.5	524	44.3	563	47.5	587	49.7
3420	0	0	0	0	0	0	0	0	0	0	366	35.3	466	40.5	522	44.3	562	47.5	586	49.7
3430	0	0	0	0	0	0	0	0	0	0	363	35.3	464	40.5	521	44.3	561	47.5	585	49.7
3440	0	0	0	0	0	0	0	0	0	0	360	35.3	462	40.5	520	44.3	560	47.5	584	49.7
3450	0	0	0	0	0	0	0	0	0	0	358	35.0	461	40.4	519	44.2	559	47.4	583	49.6
3460	0	0	0	0	0	0	0	0	0	0	355	35.0	459	40.4	517	44.2	557	47.4	581	49.6
3470	0	0	0	0	0	0	0	0	0	0	352	35.0	457	40.4	516	44.2	556	47.4	580	49.6
3480	0	0	0	0	0	0	0	0	0	0	349	35.0	455	40.4	515	44.2	555	47.4	579	49.6
3490	0	0	0	0	0	0	0	0	0	0	347	35.0	454	40.4	513	44.2	554	47.4	578	49.6
3500	0	0	0	0	0	0	0	0	0	0	344	34.7	452	40.2	512	44.1	553	47.3	577	49.5
3510	0	0	0	0	0	0	0	0	0	0	341	34.7	450	40.2	511	44.1	552	47.3	576	49.5
3520	0	0	0	0	0	0	0	0	0	0	338	34.7	449	40.2	509	44.1	551	47.3	575	49.5
3530	0	0	0	0	0	0	0	0	0	0	335	34.7	447	40.2	508	44.1	550	47.3	574	49.5
3540	0	0	0	0	0	0	0	0	0	0	332	34.7	445	40.2	507	44.1	549	47.3	573	49.5
3550	0	0	0	0	0	0	0	0	0	0	329	34.4	444	40	506	44.0	548	47.2	572	49.4
3560	0	0	0	0	0	0	0	0	0	0	326	34.4	442	40	504	44.0	546	47.2	571	49.4
3570	0	0	0	0	0	0	0	0	0	0	323	34.4	440	40	503	44.0	545	47.2	570	49.4
3580	0	0	0	0	0	0	0	0	0	0	320	34.4	438	40	502	44.0	544	47.2	569	49.4
3590	0	0	0	0	0	0	0	0	0	0	317	34.4	437	40	500	44.0	543	47.2	568	49.4
3600	0	0	0	0	0	0	0	0	0	0	314	34.0	435	39.8	499	43.8	542	47.1	567	49.3
3610	0	0	0	0	0	0	0	0	0	0	310	34.0	433	39.8	498	43.8	541	47.1	566	49.3
3620	0	0	0	0	0	0	0	0	0	0	307	34.0	431	39.8	496	43.8	540	47.1	565	49.3
3630	0	0	0	0	0	0	0	0	0	0	303	34.0	429	39.8	495	43.8	538	47.1	564	49.3
3640	0	0	0	0	0	0	0	0	0	0	300	34.0	427	39.8	493	43.8	537	47.1	563	49.3
3650	0	0	0	0	0	0	0	0	0	0	296	33.6	426	39.6	492	43.7	536	47.0	562	49.3
3660	0	0	0	0	0	0	0	0	0	0	292	33.3	424	39.6	491	43.7	535	47.0	561	49.3
3670	0	0	0	0	0	0	0	0	0	0	289	33.3	422	39.6	489	43.7	534	47.0	560	49.3
3680	0	0	0	0	0	0	0	0	0	0	285	33.3	420	39.6	488	43.7	532	47.0	559	49.3
3690	0	0	0	0	0	0	0	0	0	0	282	33.3	418	39.6	486	43.7	531	47.0	558	49.3
3700	0	0	0	0	0	0	0	0	0	0	278	33.1	416	39.4	485	43.5	530	46.9	557	49.2
3710	0	0	0	0	0	0	0	0	0	0	0	0	414	39.4	484	43.5	529	46.9	556	49.2
3720	0	0	0	0	0	0	0	0	0	0	0	0	412	39.4	482	43.5	528	46.9	555	49.2
3730	0	0	0	0	0	0	0	0	0	0	0	0	410	39.4	481	43.5	526	46.9	554	49.2
3740	0	0	0	0	0	0	0	0	0	0	0	0	408	39.4	479	43.5	525	46.9	553	49.2
3750	0	0	0	0	0	0	0	0	0	0	0	0	407	39.2	478	43.4	524	46.8	552	49.1
3760	0	0	0	0	0	0	0	0	0	0	0	0	405	39.2	476	43.4	523	46.8	550	49.1
3770	0	0	0	0	0	0	0	0	0	0	0	0	403	39.2	475	43.4	522	46.8	549	49.1
3780	0	0	0	0	0	0	0	0	0	0	0	0	401	39.2	473	43.4	520	46.8	548	49.1
3790	0	0	0	0	0	0	0	0	0	0	0	0	399	39.2	472	43.4	519	46.8	547	49.1
3800	0	0	0	0	0	0	0	0	0	0	0	0	397	39.0	470	43.3	518	46.6	546	49.0
3810	0	0	0	0	0	0	0	0	0	0	0	0	395	39.0	469	43.3	517	46.6	545	49.0
3820	0	0	0	0	0	0	0	0	0	0	0	0	393	39.0	467	43.3	516	46.6	544	49.0
3830	0	0	0	0	0	0	0	0	0	0	0	0	391	39.0	466	43.3	514	46.6	543	49.0
3840	0	0	0	0	0	0	0	0	0	0	0	0	389	39.0	464	43.3	513	46.6	542	49.0
3850	0	0	0	0	0	0	0	0	0	0	0	0	387	38.8	463	43.1	512	46.5	541	48.9
3860	0	0	0	0	0	0	0	0	0	0	0	0	384	38.8	461	43.1	511	46.5	539	48.9
3870	0	0	0	0	0	0	0	0	0	0	0	0	382	38.8	460	43.1	510	46.5	538	48.9
3880	0	0	0	0	0	0	0	0	0	0	0	0	380	38.8	458	43.1	508	46.5	537	48.9
3890	0	0	0	0	0	0	0	0	0	0	0	0	378	38.8	457	43.1	507	46.5	536	48.9
3900	0	0	0	0	0	0	0	0	0	0	0	0	376	38.5	455	42.9	506	46.4	535	48.8
3910	0	0	0	0	0	0	0	0	0	0	0	0	374	38.5	454	42.9	505	46.4	534	48.8
3920	0	0	0	0	0	0	0	0	0	0	0	0	371	38.5	452	42.9	503	46.4	533	48.8
3930	0	0	0	0	0	0	0	0	0	0	0	0	369	38.5	451	42.9	502	46.4	532	48.8
3940	0	0	0	0	0	0	0	0	0	0	0	0	367	38.5	449	42.9	501	46.4	531	48.8
3950	0	0	0	0	0	0	0	0	0	0	0	0	365	38.3	448	42.8	500	46.3	530	48.7
3960	0	0	0	0	0	0	0	0	0	0	0	0	362	38.3	446	42.8	498	46.3	528	48.7
3970	0	0	0	0	0	0	0	0	0	0	0	0	360	38.3	445	42.8	497	46.3	527	48.7
3980	0	0	0	0	0	0	0	0	0	0	0	0	358	38.3	443	42.8	496	46.3	526	48.7
3990	0	0	0	0	0	0	0	0	0	0	0	0	355	38.3	442	42.8	494	46.3	525	48.7
4000	0	0	0	0	0	0	0	0	0	0	0	0	353	38.0	440	42.6	493	46.2	524	48.6
4010	0	0	0	0	0	0	0	0	0	0	0	0	351	38.0	438	42.6	492	46.2	523	48.6
4020	0	0	0	0	0	0	0	0	0	0	0	0	348	38.0	437	42.6	490	46.2	522	48.6
4030	0	0	0	0	0	0	0	0	0	0	0	0	346	38.0	435	42.6	489	46.2	521	48.6
4040	0	0	0	0	0	0	0	0	0	0	0	0	343	38.0	433	42.6	488	46.2	520	48.6
4050	0	0	0	0	0	0	0	0	0	0	0	0	341	37.7	432	42.5	487	46.1	519	48.5
4060	0	0	0	0	0	0	0	0	0	0	0	0	338	37.7	430	42.5	485	46.1	517	48.5
4070	0	0	0	0	0	0	0	0	0	0	0	0	336	37.7	428	42.5	484	46.1	516	48.5
4080	0	0	0	0	0	0	0	0	0	0	0	0	333	37.7	426	42.5	483	46.1	515	48.5
4090	0	0	0	0	0	0	0	0	0	0	0	0	331	37.7	425	42.5	481	46.1	514	48.5
4100	0	0	0	0	0	0	0	0	0	0	0	0	328	37.4	423	42.3	480	45.9	513	48.4
4110	0	0	0	0	0	0	0	0	0	0	0	0	325	37.4	421	42.3	479	45.9	512	48.4
4120	0	0	0	0	0	0	0	0	0	0	0	0	323	37.4	420	42.3	477	45.9	511	48.4
4130	0	0	0	0	0	0	0	0	0	0	0	0	320	37.4	418	42.3	476	45.9	509	48.4
4140	0	0	0	0	0	0	0	0	0	0	0	0	317	37.4	416	42.3	475	45.9	508	48.4
4150	0	0	0	0	0	0	0	0	0	0	0	0	315	37.1	415	42.1	474	45.8	507	48.3
4160	0	0	0	0	0	0	0	0	0	0	0	0	312	37.1	413	42.1	472	45.8	506	48.3
4170	0	0	0	0	0	0	0	0	0	0	0	0	309	37.1	411	42.1	471	45.8	505	48.3
4180	0	0	0	0	0	0	0	0	0	0	0	0	306	37.1	409	42.1	470	45.8	503	48.3
4190	0	0	0	0	0	0	0	0	0	0	0	0	304	37.1	408	42.1	468	45.8	502	48.3
4200	0	0	0	0	0	0	0	0	0	0	0	0	301	36.7	406	41.9	467	45.6	501	48.1
4210	0	0	0	0	0	0	0	0	0	0	0	0	298	36.7	404	41.9	466	45.6	500	48.1
4220	0	0	0	0	0	0	0	0	0	0	0	0	294	36.7	402	41.9	464	45.6	499	48.1
4230	0	0	0	0	0	0	0	0	0	0	0	0	291	36.7	401	41.9	463	45.6	498	48.1
4240	0	0	0	0	0	0	0	0	0	0	0	0	288	36.7	399	41.9	461	45.6	497	48.1
4250	0	0	0	0	0	0	0	0	0	0	0	0	285	36.3	397	41.7	460	45.5	496	48.0
4260	0	0	0	0	0	0	0	0	0	0	0	0	281	36.3	395	41.7	459	45.5	494	48.0
4270	0	0	0	0	0	0	0	0	0	0	0	0	278	36.3	393	41.7	457	45.5	493	48.0
4280	0	0	0	0	0	0	0	0	0	0	0	0	275	36.3	392	41.7	456	45.5	492	48.0
4290	0	0	0	0	0	0	0	0	0	0	0	0	271	36.3	390	41.7	454	45.5	491	48.0
4300	0	0	0	0	0	0	0	0	0	0	0	0	268	35.8	388	41.5	453	45.3	490	47.9
4310	0	0	0	0	0	0	0	0	0	0	0	0	264	35.8	386	41.5	452	45.3	489	47.9
4320	0	0	0	0	0	0	0	0	0	0	0	0	260	35.8	384	41.5	450	45.3	487	47.9
4330	0	0	0	0	0	0	0	0	0	0	0	0	256	35.8	382	41.5	449	45.3	486	47.9
4340	0	0	0	0	0	0	0	0	0	0	0	0	252	35.8	380	41.5	447	45.3	485	47.9
4350	0	0	0	0	0	0	0	0	0	0	0	0	248	35.2	379	41.3	446	45.2	484	47.8
4360	0	0	0	0	0	0	0	0	0	0	0	0	244	35.0	377	41.3	445	45.2	482	47.8
4370	0	0	0	0	0	0	0	0	0	0	0	0	240	35.0	375	41.3	443	45.2	481	47.8
4380	0	0	0	0	0	0	0	0	0	0	0	0	236	35.0	373	41.3	442	45.2	480	47.8
4390	0	0	0	0	0	0	0	0	0	0	0	0	232	35.0	371	41.3	440	45.2	478	47.8
4400	0	0	0	0	0	0	0	0	0	0	0	0	228	34.6	369	41.0	439	45.0	477	47.6
4410	0	0	0	0	0	0	0	0	0	0	0	0	0	0	367	41.0	438	45.0	476	47.6
4420	0	0	0	0	0	0	0	0	0	0	0	0	0	0	365	41.0	436	45.0	475	47.6
4430	0	0	0	0	0	0	0	0	0	0	0	0	0	0	363	41.0	435	45.0	473	47.6
4440	0	0	0	0	0	0	0	0	0	0	0	0	0	0	361	41.0	433	45.0	472	47.6
4450	0	0	0	0	0	0	0	0	0	0	0	0	0	0	359	40.8	432	44.9	471	47.5
4460	0	0	0	0	0	0	0	0	0	0	0	0	0	0	357	40.8	430	44.9	470	47.5
4470	0	0	0	0	0	0	0	0	0	0	0	0	0	0	355	40.8	429	44.9	469	47.5
4480	0	0	0	0	0	0	0	0	0	0	0	0	0	0	353	40.8	427	44.9	467	47.5
4490	0	0	0	0	0	0	0	0	0	0	0	0	0	0	351	40.8	426	44.9	466	47.5
4500	0	0	0	0	0	0	0	0	0	0	0	0	0	0	349	40.5	424	44.7	465	47.3
4510	0	0	0	0	0	0	0	0	0	0	0	0	0	0	347	40.5	423	44.7	464	47.3
4520	0	0	0	0	0	0	0	0	0	0	0	0	0	0	345	40.5	421	44.7	462	47.3
4530	0	0	0	0	0	0	0	0	0	0	0	0	0	0	342	40.5	420	44.7	461	47.3
4540	0	0	0	0	0	0	0	0	0	0	0	0	0	0	340	40.5	418	44.7	460	47.3
4550	0	0	0	0	0	0	0	0	0	0	0	0	0	0	338	40.2	417	44.5	459	47.2
4560	0	0	0	0	0	0	0	0	0	0	0	0	0	0	336	40.2	415	44.5	457	47.2
4570	0	0	0	0	0	0	0	0	0	0	0	0	0	0	334	40.2	414	44.5	456	47.2
4580	0	0	0	0	0	0	0	0	0	0	0	0	0	0	331	40.2	412	44.5	455	47.2
4590	0	0	0	0	0	0	0	0	0	0	0	0	0	0	329	40.2	411	44.5	453	47.2
4600	0	0	0	0	0	0	0	0	0	0	0	0	0	0	327	39.9	409	44.3	452	47.1
4610	0	0	0	0	0	0	0	0	0	0	0	0	0	0	325	39.9	407	44.3	451	47.1
4620	0	0	0	0	0	0	0	0	0	0	0	0	0	0	322	39.9	406	44.3	449	47.1
4630	0	0	0	0	0	0	0	0	0	0	0	0	0	0	320	39.9	404	44.3	448	47.1
4640	0	0	0	0	0	0	0	0	0	0	0	0	0	0	317	39.9	403	44.3	446	47.1
4650	0	0	0	0	0	0	0	0	0	0	0	0	0	0	315	39.6	401	44.1	445	46.9
4660	0	0	0	0	0	0	0	0	0	0	0	0	0	0	312	39.6	399	44.1	444	46.9
4670	0	0	0	0	0	0	0	0	0	0	0	0	0	0	310	39.6	398	44.1	442	46.9
4680	0	0	0	0	0	0	0	0	0	0	0	0	0	0	307	39.6	396	44.1	441	46.9
4690	0	0	0	0	0	0	0	0	0	0	0	0	0	0	305	39.6	395	44.1	439	46.9
4700	0	0	0	0	0	0	0	0	0	0	0	0	0	0	302	39.2	393	43.9	438	46.7
4710	0	0	0	0	0	0	0	0	0	0	0	0	0	0	299	39.2	391	43.9	437	46.7
4720	0	0	0	0	0	0	0	0	0	0	0	0	0	0	296	39.2	390	43.9	435	46.7
4730	0	0	0	0	0	0	0	0	0	0	0	0	0	0	294	39.2	388	43.9	434	46.7
4740	0	0	0	0	0	0	0	0	0	0	0	0	0	0	291	39.2	386	43.9	433	46.7
4750	0	0	0	0	0	0	0	0	0	0	0	0	0	0	288	38.8	385	43.7	432	46.6
4760	0	0	0	0	0	0	0	0	0	0	0	0	0	0	285	38.8	383	43.7	430	46.6
4770	0	0	0	0	0	0	0	0	0	0	0	0	0	0	282	38.8	381	43.7	429	46.6
4780	0	0	0	0	0	0	0	0	0	0	0	0	0	0	280	38.8	379	43.7	428	46.6
4790	0	0	0	0	0	0	0	0	0	0	0	0	0	0	277	38.8	378	43.7	426	46.6
4800	0	0	0	0	0	0	0	0	0	0	0	0	0	0	274	38.4	376	43.5	425	46.4
4810	0	0	0	0	0	0	0	0	0	0	0	0	0	0	271	38.4	374	43.5	424	46.4
4820	0	0	0	0	0	0	0	0	0	0	0	0	0	0	267	38.4	372	43.5	422	46.4
4830	0	0	0	0	0	0	0	0	0	0	0	0	0	0	264	38.4	371	43.5	421	46.4
4840	0	0	0	0	0	0	0	0	0	0	0	0	0	0	260	38.4	369	43.5	419	46.4
4850	0	0	0	0	0	0	0	0	0	0	0	0	0	0	257	37.9	367	43.3	418	46.3
4860	0	0	0	0	0	0	0	0	0	0	0	0	0	0	254	37.6	365	43.3	416	46.3
4870	0	0	0	0	0	0	0	0	0	0	0	0	0	0	250	37.6	363	43.3	415	46.3
4880	0	0	0	0	0	0	0	0	0	0	0	0	0	0	247	37.6	362	43.3	413	46.3
4890	0	0	0	0	0	0	0	0	0	0	0	0	0	0	243	37.6	360	43.3	412	46.3
4900	0	0	0	0	0	0	0	0	0	0	0	0	0	0	240	37.4	358	43.0	410	46.1
4910	0	0	0	0	0	0	0	0	0	0	0	0	0	0	0	0	356	43.0	409	46.1
4920	0	0	0	0	0	0	0	0	0	0	0	0	0	0	0	0	354	43.0	407	46.1
4930	0	0	0	0	0	0	0	0	0	0	0	0	0	0	0	0	352	43.0	406	46.1
4940	0	0	0	0	0	0	0	0	0	0	0	0	0	0	0	0	350	43.0	404	46.1
4950	0	0	0	0	0	0	0	0	0	0	0	0	0	0	0	0	348	42.8	403	45.9
4960	0	0	0	0	0	0	0	0	0	0	0	0	0	0	0	0	346	42.8	401	45.9
4970	0	0	0	0	0	0	0	0	0	0	0	0	0	0	0	0	344	42.8	400	45.9
4980	0	0	0	0	0	0	0	0	0	0	0	0	0	0	0	0	342	42.8	398	45.9
4990	0	0	0	0	0	0	0	0	0	0	0	0	0	0	0	0	340	42.8	397	45.9
5000	0	0	0	0	0	0	0	0	0	0	0	0	0	0	0	0	338	42.5	395	45.7
5010	0	0	0	0	0	0	0	0	0	0	0	0	0	0	0	0	336	42.5	393	45.7
5020	0	0	0	0	0	0	0	0	0	0	0	0	0	0	0	0	334	42.5	392	45.7
5030	0	0	0	0	0	0	0	0	0	0	0	0	0	0	0	0	332	42.5	390	45.7
5040	0	0	0	0	0	0	0	0	0	0	0	0	0	0	0	0	330	42.5	389	45.7
5050	0	0	0	0	0	0	0	0	0	0	0	0	0	0	0	0	328	42.2	387	45.5
5060	0	0	0	0	0	0	0	0	0	0	0	0	0	0	0	0	325	42.2	385	45.5
5070	0	0	0	0	0	0	0	0	0	0	0	0	0	0	0	0	323	42.2	384	45.5
5080	0	0	0	0	0	0	0	0	0	0	0	0	0	0	0	0	321	42.2	382	45.5
5090	0	0	0	0	0	0	0	0	0	0	0	0	0	0	0	0	319	42.2	381	45.5
5100	0	0	0	0	0	0	0	0	0	0	0	0	0	0	0	0	317	41.9	379	45.3
5110	0	0	0	0	0	0	0	0	0	0	0	0	0	0	0	0	315	41.9	377	45.3
5120	0	0	0	0	0	0	0	0	0	0	0	0	0	0	0	0	312	41.9	376	45.3
5130	0	0	0	0	0	0	0	0	0	0	0	0	0	0	0	0	310	41.9	374	45.3
5140	0	0	0	0	0	0	0	0	0	0	0	0	0	0	0	0	308	41.9	372	45.3
5150	0	0	0	0	0	0	0	0	0	0	0	0	0	0	0	0	306	41.6	371	45.1
5160	0	0	0	0	0	0	0	0	0	0	0	0	0	0	0	0	303	41.6	369	45.1
5170	0	0	0	0	0	0	0	0	0	0	0	0	0	0	0	0	301	41.6	367	45.1
5180	0	0	0	0	0	0	0	0	0	0	0	0	0	0	0	0	299	41.6	365	45.1
5190	0	0	0	0	0	0	0	0	0	0	0	0	0	0	0	0	296	41.6	364	45.1
5200	0	0	0	0	0	0	0	0	0	0	0	0	0	0	0	0	294	41.2	362	44.8
5210	0	0	0	0	0	0	0	0	0	0	0	0	0	0	0	0	291	41.2	360	44.8
5220	0	0	0	0	0	0	0	0	0	0	0	0	0	0	0	0	289	41.2	358	44.8
5230	0	0	0	0	0	0	0	0	0	0	0	0	0	0	0	0	286	41.2	357	44.8
5240	0	0	0	0	0	0	0	0	0	0	0	0	0	0	0	0	284	41.2	355	44.8
5250	0	0	0	0	0	0	0	0	0	0	0	0	0	0	0	0	281	40.9	353	44.6
5260	0	0	0	0	0	0	0	0	0	0	0	0	0	0	0	0	278	40.9	351	44.6
5270	0	0	0	0	0	0	0	0	0	0	0	0	0	0	0	0	276	40.9	349	44.6
5280	0	0	0	0	0	0	0	0	0	0	0	0	0	0	0	0	273	40.9	348	44.6
5290	0	0	0	0	0	0	0	0	0	0	0	0	0	0	0	0	271	40.9	346	44.6
5300	0	0	0	0	0	0	0	0	0	0	0	0	0	0	0	0	268	40.5	344	44.3
5310	0	0	0	0	0	0	0	0	0	0	0	0	0	0	0	0	265	40.5	342	44.3
5320	0	0	0	0	0	0	0	0	0	0	0	0	0	0	0	0	262	40.5	340	44.3
5330	0	0	0	0	0	0	0	0	0	0	0	0	0	0	0	0	259	40.5	338	44.3
5340	0	0	0	0	0	0	0	0	0	0	0	0	0	0	0	0	256	40.5	336	44.3
5350	0	0	0	0	0	0	0	0	0	0	0	0	0	0	0	0	253	40	335	44.1
5360	0	0	0	0	0	0	0	0	0	0	0	0	0	0	0	0	249	39.7	333	44.1
5370	0	0	0	0	0	0	0	0	0	0	0	0	0	0	0	0	246	39.7	331	44.1
5380	0	0	0	0	0	0	0	0	0	0	0	0	0	0	0	0	243	39.7	329	44.1
5390	0	0	0	0	0	0	0	0	0	0	0	0	0	0	0	0	240	39.7	327	44.1
5400	0	0	0	0	0	0	0	0	0	0	0	0	0	0	0	0	237	39.5	325	43.8
5410	0	0	0	0	0	0	0	0	0	0	0	0	0	0	0	0	0	0	323	43.8
5420	0	0	0	0	0	0	0	0	0	0	0	0	0	0	0	0	0	0	321	43.8
5430	0	0	0	0	0	0	0	0	0	0	0	0	0	0	0	0	0	0	319	43.8
5440	0	0	0	0	0	0	0	0	0	0	0	0	0	0	0	0	0	0	317	43.8
5450	0	0	0	0	0	0	0	0	0	0	0	0	0	0	0	0	0	0	315	43.5
5460	0	0	0	0	0	0	0	0	0	0	0	0	0	0	0	0	0	0	312	43.5
5470	0	0	0	0	0	0	0	0	0	0	0	0	0	0	0	0	0	0	310	43.5
5480	0	0	0	0	0	0	0	0	0	0	0	0	0	0	0	0	0	0	308	43.5
5490	0	0	0	0	0	0	0	0	0	0	0	0	0	0	0	0	0	0	306	43.5
5500	0	0	0	0	0	0	0	0	0	0	0	0	0	0	0	0	0	0	304	43.2
5510	0	0	0	0	0	0	0	0	0	0	0	0	0	0	0	0	0	0	302	43.2
5520	0	0	0	0	0	0	0	0	0	0	0	0	0	0	0	0	0	0	299	43.2
5530	0	0	0	0	0	0	0	0	0	0	0	0	0	0	0	0	0	0	297	43.2
5540	0	0	0	0	0	0	0	0	0	0	0	0	0	0	0	0	0	0	295	43.2
5550	0	0	0	0	0	0	0	0	0	0	0	0	0	0	0	0	0	0	293	42.9
5560	0	0	0	0	0	0	0	0	0	0	0	0	0	0	0	0	0	0	290	42.9
5570	0	0	0	0	0	0	0	0	0	0	0	0	0	0	0	0	0	0	288	42.9
5580	0	0	0	0	0	0	0	0	0	0	0	0	0	0	0	0	0	0	286	42.9
5590	0	0	0	0	0	0	0	0	0	0	0	0	0	0	0	0	0	0	283	42.9
5600	0	0	0	0	0	0	0	0	0	0	0	0	0	0	0	0	0	0	281	42.5
5610	0	0	0	0	0	0	0	0	0	0	0	0	0	0	0	0	0	0	278	42.5
5620	0	0	0	0	0	0	0	0	0	0	0	0	0	0	0	0	0	0	276	42.5
5630	0	0	0	0	0	0	0	0	0	0	0	0	0	0	0	0	0	0	273	42.5
5640	0	0	0	0	0	0	0	0	0	0	0	0	0	0	0	0	0	0	271	42.5
5650	0	0	0	0	0	0	0	0	0	0	0	0	0	0	0	0	0	0	268	42.1
5660	0	0	0	0	0	0	0	0	0	0	0	0	0	0	0	0	0	0	265	42.1
5670	0	0	0	0	0	0	0	0	0	0	0	0	0	0	0	0	0	0	263	42.1
5680	0	0	0	0	0	0	0	0	0	0	0	0	0	0	0	0	0	0	260	42.1
5690	0	0	0	0	0	0	0	0	0	0	0	0	0	0	0	0	0	0	258	42.1
5700	0	0	0	0	0	0	0	0	0	0	0	0	0	0	0	0	0	0	255	41.6
5710	0	0	0	0	0	0	0	0	0	0	0	0	0	0	0	0	0	0	252	41.6
5720	0	0	0	0	0	0	0	0	0	0	0	0	0	0	0	0	0	0	248	41.6
5730	0	0	0	0	0	0	0	0	0	0	0	0	0	0	0	0	0	0	245	41.6
5740	0	0	0	0	0	0	0	0	0	0	0	0	0	0	0	0	0	0	242	41.6
5750	0	0	0	0	0	0	0	0	0	0	0	0	0	0	0	0	0	0	239	41.1
5760	0	0	0	0	0	0	0	0	0	0	0	0	0	0	0	0	0	0	235	40.8
5770	0	0	0	0	0	0	0	0	0	0	0	0	0	0	0	0	0	0	232	40.8
5780	0	0	0	0	0	0	0	0	0	0	0	0	0	0	0	0	0	0	229	40.8
5790	0	0	0	0	0	0	0	0	0	0	0	0	0	0	0	0	0	0	225	40.8
5800	0	0	0	0	0	0	0	0	0	0	0	0	0	0	0	0	0	0	222	40.6
